0.000000000000000000e+00 2.999999999999999289e+01
1.001001001001000992e-02 2.979212403384880758e+01
2.002002002002001985e-02 2.958459375595684548e+01
3.003003003003002977e-02 2.937741449532073190e+01
4.004004004004003969e-02 2.917059158093708149e+01
5.005005005005004615e-02 2.896413034180253732e+01
6.006006006006005954e-02 2.875803610691371404e+01
7.007007007007007293e-02 2.855231420526722985e+01
8.008008008008007939e-02 2.834696996585971007e+01
9.009009009009008584e-02 2.814200871768778711e+01
1.001001001001000923e-01 2.793743578974807917e+01
1.101101101101101126e-01 2.773325651103721157e+01
1.201201201201201191e-01 2.752947621055180960e+01
1.301301301301301394e-01 2.732610021728849148e+01
1.401401401401401459e-01 2.712313386024388251e+01
1.501501501501501523e-01 2.692058246841461511e+01
1.601601601601601588e-01 2.671845137079730037e+01
1.701701701701701652e-01 2.651674589638857782e+01
1.801801801801801717e-01 2.631547137418506566e+01
1.901901901901901781e-01 2.611463313318337143e+01
2.002002002002001846e-01 2.591423650238014176e+01
2.102102102102102188e-01 2.571428681077198419e+01
2.202202202202202252e-01 2.551478938735553115e+01
2.302302302302302317e-01 2.531574956112741503e+01
2.402402402402402382e-01 2.511717266108424340e+01
2.502502502502502724e-01 2.491906401622265221e+01
2.602602602602602788e-01 2.472142895553925257e+01
2.702702702702702853e-01 2.452427280803068044e+01
2.802802802802802917e-01 2.432760090269356112e+01
2.902902902902902982e-01 2.413141856852450573e+01
3.003003003003003046e-01 2.393573113452015022e+01
3.103103103103103111e-01 2.374054392967710925e+01
3.203203203203203175e-01 2.354586228299201522e+01
3.303303303303303240e-01 2.335169152346148636e+01
3.403403403403403304e-01 2.315803698008215150e+01
3.503503503503503369e-01 2.296490398185062531e+01
3.603603603603603434e-01 2.277229785776354376e+01
3.703703703703703498e-01 2.258022393681752504e+01
3.803803803803803563e-01 2.238868754800918737e+01
3.903903903903903627e-01 2.219769402033517380e+01
4.004004004004003692e-01 2.200724868279208479e+01
4.104104104104104311e-01 2.181735686437655630e+01
4.204204204204204376e-01 2.162802389408521009e+01
4.304304304304304440e-01 2.143925510091467146e+01
4.404404404404404505e-01 2.125105581386156217e+01
4.504504504504504570e-01 2.106343136192251109e+01
4.604604604604604634e-01 2.087638707409413996e+01
4.704704704704704699e-01 2.068992827937307055e+01
4.804804804804804763e-01 2.050406030675592817e+01
4.904904904904904828e-01 2.031878848523933456e+01
5.005005005005005447e-01 2.013411814381991505e+01
5.105105105105105512e-01 1.995005461149430204e+01
5.205205205205205576e-01 1.976660321725909952e+01
5.305305305305305641e-01 1.958376929011095058e+01
5.405405405405405705e-01 1.940155815904646985e+01
5.505505505505505770e-01 1.921997515306228976e+01
5.605605605605605835e-01 1.903902560115502141e+01
5.705705705705705899e-01 1.885871483232129719e+01
5.805805805805805964e-01 1.867904817555774599e+01
5.905905905905906028e-01 1.850003095986097534e+01
6.006006006006006093e-01 1.832166851422762477e+01
6.106106106106106157e-01 1.814396616765431247e+01
6.206206206206206222e-01 1.796692924913765665e+01
6.306306306306306286e-01 1.779056308767429329e+01
6.406406406406406351e-01 1.761487301226084057e+01
6.506506506506506415e-01 1.743986435189392381e+01
6.606606606606606480e-01 1.726554243557016122e+01
6.706706706706706544e-01 1.709191259228618165e+01
6.806806806806806609e-01 1.691898015103860686e+01
6.906906906906906674e-01 1.674675044082406927e+01
7.007007007007006738e-01 1.657522879063918353e+01
7.107107107107106803e-01 1.640442052948057139e+01
7.207207207207206867e-01 1.623433098634486171e+01
7.307307307307306932e-01 1.606496549022867981e+01
7.407407407407406996e-01 1.589632937012864922e+01
7.507507507507507061e-01 1.572842795504139168e+01
7.607607607607607125e-01 1.556126657396353075e+01
7.707707707707707190e-01 1.539485055589169527e+01
7.807807807807807254e-01 1.522918522982250344e+01
7.907907907907907319e-01 1.506427592475258237e+01
8.008008008008007383e-01 1.490012796967855557e+01
8.108108108108108558e-01 1.473674669359704303e+01
8.208208208208208623e-01 1.457413742550467717e+01
8.308308308308308687e-01 1.441230549439807440e+01
8.408408408408408752e-01 1.425125622927386182e+01
8.508508508508508816e-01 1.409099495912866296e+01
8.608608608608608881e-01 1.393152701295910489e+01
8.708708708708708945e-01 1.377285771976180584e+01
8.808808808808809010e-01 1.361499240853339465e+01
8.908908908908909074e-01 1.345793640827049309e+01
9.009009009009009139e-01 1.330169504796972291e+01
9.109109109109109204e-01 1.314627365662771119e+01
9.209209209209209268e-01 1.299167756324108325e+01
9.309309309309309333e-01 1.283791209680645728e+01
9.409409409409409397e-01 1.268498258632046571e+01
9.509509509509509462e-01 1.253289436077972141e+01
9.609609609609609526e-01 1.238165274918086212e+01
9.709709709709709591e-01 1.223126308052050071e+01
9.809809809809809655e-01 1.208173068379526605e+01
9.909909909909909720e-01 1.193306088800177811e+01
1.001001001001001089e+00 1.178525902152501814e+01
1.011011011011011096e+00 1.163832960109363412e+01
1.021021021021021102e+00 1.149227473170992297e+01
1.031031031031031109e+00 1.134709607248509400e+01
1.041041041041041115e+00 1.120279528253036005e+01
1.051051051051051122e+00 1.105937402095693400e+01
1.061061061061061128e+00 1.091683394687603048e+01
1.071071071071071135e+00 1.077517671939886412e+01
1.081081081081081141e+00 1.063440399763664246e+01
1.091091091091091148e+00 1.049451744070058368e+01
1.101101101101101154e+00 1.035551870770190064e+01
1.111111111111111160e+00 1.021740945775180265e+01
1.121121121121121167e+00 1.008019134996150612e+01
1.131131131131131173e+00 9.943866043442220359e+00
1.141141141141141180e+00 9.808435197305165332e+00
1.151151151151151186e+00 9.673900470661546791e+00
1.161161161161161193e+00 9.540263522622584702e+00
1.171171171171171199e+00 9.407526012299486595e+00
1.181181181181181206e+00 9.275689598803468883e+00
1.191191191191191212e+00 9.144755941245740871e+00
1.201201201201201219e+00 9.014726698737522526e+00
1.211211211211211225e+00 8.885603530390017823e+00
1.221221221221221231e+00 8.757388095314446730e+00
1.231231231231231238e+00 8.630082052622022104e+00
1.241241241241241244e+00 8.503687061423951477e+00
1.251251251251251251e+00 8.378204780831453036e+00
1.261261261261261257e+00 8.253636869955739641e+00
1.271271271271271264e+00 8.129984987908024152e+00
1.281281281281281270e+00 8.007250793799514099e+00
1.291291291291291277e+00 7.885435946741432112e+00
1.301301301301301283e+00 7.764542105844984832e+00
1.311311311311311290e+00 7.644570930221387783e+00
1.321321321321321296e+00 7.525524078981852050e+00
1.331331331331331302e+00 7.407403211237592267e+00
1.341341341341341309e+00 7.290209986099823070e+00
1.351351351351351315e+00 7.173946062679753766e+00
1.361361361361361322e+00 7.058613100088599879e+00
1.371371371371371328e+00 6.944212757437574268e+00
1.381381381381381335e+00 6.830746693837890682e+00
1.391391391391391341e+00 6.718216568400759314e+00
1.401401401401401348e+00 6.606624040237398354e+00
1.411411411411411354e+00 6.495970768459015332e+00
1.421421421421421361e+00 6.386258412176826660e+00
1.431431431431431367e+00 6.277488630502045197e+00
1.441441441441441373e+00 6.169663082545883803e+00
1.451451451451451380e+00 6.062783427419552673e+00
1.461461461461461386e+00 5.956851324234271772e+00
1.471471471471471393e+00 5.851868432101245965e+00
1.481481481481481399e+00 5.747836410131694329e+00
1.491491491491491406e+00 5.644756917436827948e+00
1.501501501501501412e+00 5.542631613127861456e+00
1.511511511511511419e+00 5.441462156316005050e+00
1.521521521521521425e+00 5.341250206112473364e+00
1.531531531531531432e+00 5.241997421628479259e+00
1.541541541541541438e+00 5.143705461975235593e+00
1.551551551551551444e+00 5.046375986263957891e+00
1.561561561561561451e+00 4.950010653605855460e+00
1.571571571571571457e+00 4.854611123112143822e+00
1.581581581581581464e+00 4.760179053894034951e+00
1.591591591591591470e+00 4.666716105062743480e+00
1.601601601601601477e+00 4.574223935729481383e+00
1.611611611611611705e+00 4.482704205005458853e+00
1.621621621621621712e+00 4.392158572001894079e+00
1.631631631631631718e+00 4.302588695829999033e+00
1.641641641641641725e+00 4.213996235600984797e+00
1.651651651651651731e+00 4.126382850426066895e+00
1.661661661661661737e+00 4.039750199416456411e+00
1.671671671671671744e+00 3.954099941683367980e+00
1.681681681681681750e+00 3.869433736338012686e+00
1.691691691691691757e+00 3.785753242491604720e+00
1.701701701701701763e+00 3.703060119255358273e+00
1.711711711711711770e+00 3.621356025740485318e+00
1.721721721721721776e+00 3.540642621058198269e+00
1.731731731731731783e+00 3.460921564319712651e+00
1.741741741741741789e+00 3.382194514636238658e+00
1.751751751751751796e+00 3.304463131118990038e+00
1.761761761761761802e+00 3.227729072879182315e+00
1.771771771771771808e+00 3.151993999028025684e+00
1.781781781781781815e+00 3.077259568676734336e+00
1.791791791791791821e+00 3.003527440936522908e+00
1.801801801801801828e+00 2.930799274918601593e+00
1.811811811811811834e+00 2.859076729734185918e+00
1.821821821821821841e+00 2.788361464494487407e+00
1.831831831831831847e+00 2.718655138310720254e+00
1.841841841841841854e+00 2.649959410294096873e+00
1.851851851851851860e+00 2.582275939555830124e+00
1.861861861861861867e+00 2.515606385207134199e+00
1.871871871871871873e+00 2.449952406359221513e+00
1.881881881881881879e+00 2.385315662123304481e+00
1.891891891891891886e+00 2.321697811610598183e+00
1.901901901901901892e+00 2.259100513932313703e+00
1.911911911911911899e+00 2.197525428199665232e+00
1.921921921921921905e+00 2.136974213523865629e+00
1.931931931931931912e+00 2.077448529016127754e+00
1.941941941941941918e+00 2.018950033787664466e+00
1.951951951951951925e+00 1.961480386949689958e+00
1.961961961961961931e+00 1.905041247613416866e+00
1.971971971971971938e+00 1.849634274890057384e+00
1.981981981981981944e+00 1.795261127890826369e+00
1.991991991991991950e+00 1.741923465726935571e+00
2.002002002002002179e+00 1.689622931750740964e+00
2.012012012012012185e+00 1.638357828437167374e+00
2.022022022022022192e+00 1.588119004322327443e+00
2.032032032032032198e+00 1.538896299375563714e+00
2.042042042042042205e+00 1.490679553566217175e+00
2.052052052052052211e+00 1.443458606863629923e+00
2.062062062062062218e+00 1.397223299237142946e+00
2.072072072072072224e+00 1.351963470656098343e+00
2.082082082082082231e+00 1.307668961089837767e+00
2.092092092092092237e+00 1.264329610507702650e+00
2.102102102102102243e+00 1.221935258879034869e+00
2.112112112112112250e+00 1.180475746173175855e+00
2.122122122122122256e+00 1.139940912359467040e+00
2.132132132132132263e+00 1.100320597407250522e+00
2.142142142142142269e+00 1.061604641285867956e+00
2.152152152152152276e+00 1.023782883964660773e+00
2.162162162162162282e+00 9.868451654129706263e-01
2.172172172172172289e+00 9.507813256001388380e-01
2.182182182182182295e+00 9.155812044955075057e-01
2.192192192192192302e+00 8.812346420684180615e-01
2.202202202202202308e+00 8.477314782882121591e-01
2.212212212212212314e+00 8.150615531242312306e-01
2.222222222222222321e+00 7.832147065458175961e-01
2.232232232232232327e+00 7.521807785223122433e-01
2.242242242242242334e+00 7.219496090230570484e-01
2.252252252252252340e+00 6.925110380173933322e-01
2.262262262262262347e+00 6.638549054746631928e-01
2.272272272272272353e+00 6.359710513642080620e-01
2.282282282282282360e+00 6.088493156553694829e-01
2.292292292292292366e+00 5.824795383174893315e-01
2.302302302302302373e+00 5.568515593199090397e-01
2.312312312312312379e+00 5.319552186319703724e-01
2.322322322322322385e+00 5.077803562230149836e-01
2.332332332332332392e+00 4.843168120623841388e-01
2.342342342342342398e+00 4.615544261194199915e-01
2.352352352352352405e+00 4.394830383634638626e-01
2.362362362362362411e+00 4.180924887638575727e-01
2.372372372372372418e+00 3.973726172899424980e-01
2.382382382382382424e+00 3.773132639110606257e-01
2.392392392392392431e+00 3.579042685965532766e-01
2.402402402402402437e+00 3.391354713157622158e-01
2.412412412412412444e+00 3.209967120380291528e-01
2.422422422422422450e+00 3.034778307326955193e-01
2.432432432432432456e+00 2.865686673691032471e-01
2.442442442442442463e+00 2.702590619165937680e-01
2.452452452452452469e+00 2.545388543445086804e-01
2.462462462462462476e+00 2.393978846221897216e-01
2.472472472472472482e+00 2.248259927189785179e-01
2.482482482482482489e+00 2.108130186042167231e-01
2.492492492492492495e+00 1.973488022472459358e-01
2.502502502502502502e+00 1.844231836174077266e-01
2.512512512512512508e+00 1.720260026840438883e-01
2.522522522522522515e+00 1.601470994164959361e-01
2.532532532532532521e+00 1.487763137841055516e-01
2.542542542542542527e+00 1.379034857562143612e-01
2.552552552552552534e+00 1.275184553021640188e-01
2.562562562562562540e+00 1.176110623912961228e-01
2.572572572572572547e+00 1.081711469929523689e-01
2.582582582582582553e+00 9.918854907647432773e-02
2.592592592592592560e+00 9.065310861120366714e-02
2.602602602602602566e+00 8.255466556648202725e-02
2.612612612612612573e+00 7.488305991165100650e-02
2.622622622622622579e+00 6.762813161605232826e-02
2.632632632632632586e+00 6.077972064902754934e-02
2.642642642642642592e+00 5.432766697991831678e-02
2.652652652652652598e+00 4.826181057806629149e-02
2.662662662662662605e+00 4.257199141281311355e-02
2.672672672672672611e+00 3.724804945350038143e-02
2.682682682682682618e+00 3.227982466946975604e-02
2.692692692692692624e+00 2.765715703006288440e-02
2.702702702702702631e+00 2.336988650462137884e-02
2.712712712712712637e+00 1.940785306248689335e-02
2.722722722722722644e+00 1.576089667300105759e-02
2.732732732732732650e+00 1.241885730550550820e-02
2.742742742742742657e+00 9.371574929341892207e-03
2.752752752752752663e+00 6.608889513851821940e-03
2.762762762762762669e+00 4.120641028376954840e-03
2.772772772772772676e+00 1.896669442258910182e-03
2.782782782782782682e+00 -7.318527516065806426e-05
2.792792792792792689e+00 -1.799083154540127155e-03
2.802802802802802695e+00 -3.291184226537846591e-03
2.812812812812812702e+00 -4.559648521812183219e-03
2.822822822822822708e+00 -5.614636071021517766e-03
2.832832832832832715e+00 -6.466306904824203200e-03
2.842842842842842721e+00 -7.124821053878594226e-03
2.852852852852852727e+00 -7.600338548843069836e-03
2.862862862862862734e+00 -7.903019420375979529e-03
2.872872872872872740e+00 -8.043023699135695356e-03
2.882882882882882747e+00 -8.030511415780580697e-03
2.892892892892892753e+00 -7.875642600968995460e-03
2.902902902902902760e+00 -7.588577285359311697e-03
2.912912912912912766e+00 -7.179475499609886714e-03
2.922922922922922773e+00 -6.658497274379076951e-03
2.932932932932932779e+00 -6.035802640325257928e-03
2.942942942942942786e+00 -5.321551628106786953e-03
2.952952952952952792e+00 -4.525904268382035210e-03
2.962962962962962798e+00 -3.659020591809356102e-03
2.972972972972972805e+00 -2.731060629047120381e-03
2.982982982982982811e+00 -1.752184410753690772e-03
2.992992992992992818e+00 -7.325519675874231753e-04
3.003003003003002824e+00 3.177221203252700299e-04
3.013013013013012831e+00 1.392039797349517438e-03
3.023023023023022837e+00 2.489763760949777888e-03
3.033033033033032844e+00 3.610834098681743598e-03
3.043043043043042850e+00 4.755190898101068625e-03
3.053053053053052857e+00 5.922774246763471209e-03
3.063063063063062863e+00 7.113524232224655713e-03
3.073073073073072869e+00 8.327380942040265785e-03
3.083083083083082876e+00 9.564284463766031807e-03
3.093093093093092882e+00 1.082417488495760090e-02
3.103103103103102889e+00 1.210699229317068609e-02
3.113113113113112895e+00 1.341267677596099522e-02
3.123123123123122902e+00 1.474116842088416326e-02
3.133133133133132908e+00 1.609240731549591713e-02
3.143143143143142915e+00 1.746633354735192822e-02
3.153153153153152921e+00 1.886288720400791652e-02
3.163163163163162928e+00 2.028200837301952220e-02
3.173173173173172934e+00 2.172363714194247217e-02
3.183183183183182940e+00 2.318771359833243784e-02
3.193193193193192947e+00 2.467417782974511142e-02
3.203203203203202953e+00 2.618296992373615045e-02
3.213213213213213404e+00 2.771402996786136858e-02
3.223223223223223410e+00 2.926729804967627760e-02
3.233233233233233417e+00 3.084271425673661485e-02
3.243243243243243423e+00 3.244021867659814540e-02
3.253253253253253430e+00 3.405975139681649555e-02
3.263263263263263436e+00 3.570125250494736446e-02
3.273273273273273443e+00 3.736466208854642701e-02
3.283283283283283449e+00 3.904992023516942051e-02
3.293293293293293456e+00 4.075696703237197821e-02
3.303303303303303462e+00 4.248574256770979579e-02
3.313313313313313468e+00 4.423618692873862446e-02
3.323323323323323475e+00 4.600824020301407663e-02
3.333333333333333481e+00 4.780184247809182718e-02
3.343343343343343488e+00 4.961693384152764119e-02
3.353353353353353494e+00 5.145345438087718659e-02
3.363363363363363501e+00 5.331134418369609662e-02
3.373373373373373507e+00 5.519054333754011554e-02
3.383383383383383514e+00 5.709099192996491129e-02
3.393393393393393520e+00 5.901263004852617955e-02
3.403403403403403527e+00 6.095539778077959520e-02
3.413413413413413533e+00 6.291923521428084698e-02
3.423423423423423539e+00 6.490408243658564447e-02
3.433433433433433546e+00 6.690987953524965559e-02
3.443443443443443552e+00 6.893656659782856910e-02
3.453453453453453559e+00 7.098408371187808763e-02
3.463463463463463565e+00 7.305237096495388605e-02
3.473473473473473572e+00 7.514136844461165310e-02
3.483483483483483578e+00 7.725101623840706366e-02
3.493493493493493585e+00 7.938125443389586200e-02
3.503503503503503591e+00 8.153202311863365359e-02
3.513513513513513598e+00 8.370326238017618270e-02
3.523523523523523604e+00 8.589491230607913808e-02
3.533533533533533610e+00 8.810691298389818071e-02
3.543543543543543617e+00 9.033920450118899936e-02
3.553553553553553623e+00 9.259172694550733829e-02
3.563563563563563630e+00 9.486442040440881684e-02
3.573573573573573636e+00 9.715722496544912379e-02
3.583583583583583643e+00 9.947008071618396174e-02
3.593593593593593649e+00 1.018029277441690611e-01
3.603603603603603656e+00 1.041557061369600828e-01
3.613613613613613662e+00 1.065283559821127018e-01
3.623623623623623669e+00 1.089208173671825930e-01
3.633633633633633675e+00 1.113330303797254867e-01
3.643643643643643681e+00 1.137649351072970161e-01
3.653653653653653688e+00 1.162164716374529672e-01
3.663663663663663694e+00 1.186875800577489037e-01
3.673673673673673701e+00 1.211782004557406256e-01
3.683683683683683707e+00 1.236882729189836827e-01
3.693693693693693714e+00 1.262177375350339026e-01
3.703703703703703720e+00 1.287665343914469185e-01
3.713713713713713727e+00 1.313346035757784191e-01
3.723723723723723733e+00 1.339218851755841211e-01
3.733733733733733740e+00 1.365283192784196853e-01
3.743743743743743746e+00 1.391538459718407172e-01
3.753753753753753752e+00 1.417984053434030445e-01
3.763763763763763759e+00 1.444619374806623002e-01
3.773773773773773765e+00 1.471443824711741732e-01
3.783783783783783772e+00 1.498456804024943523e-01
3.793793793793793778e+00 1.525657713621784706e-01
3.803803803803803785e+00 1.553045954377823279e-01
3.813813813813813791e+00 1.580620927168615020e-01
3.823823823823823798e+00 1.608382032869717648e-01
3.833833833833833804e+00 1.636328672356687497e-01
3.843843843843843811e+00 1.664460246505081731e-01
3.853853853853853817e+00 1.692776156190457515e-01
3.863863863863863823e+00 1.721275802288370627e-01
3.873873873873873830e+00 1.749958585674379341e-01
3.883883883883883836e+00 1.778823907224039158e-01
3.893893893893893843e+00 1.807871167812908630e-01
3.903903903903903849e+00 1.837099768316542980e-01
3.913913913913913856e+00 1.866509109610500483e-01
3.923923923923923862e+00 1.896098592570336083e-01
3.933933933933933869e+00 1.925867618071609166e-01
3.943943943943943875e+00 1.955815586989874677e-01
3.953953953953953881e+00 1.985941900200690058e-01
3.963963963963963888e+00 2.016245958579612751e-01
3.973973973973973894e+00 2.046727163002199090e-01
3.983983983983983901e+00 2.077384914344006517e-01
3.993993993993993907e+00 2.108218613480590808e-01
4.004004004004004358e+00 2.139227661287511351e-01
4.014014014014014364e+00 2.170411458640321145e-01
4.024024024024024371e+00 2.201769406414579300e-01
4.034034034034034377e+00 2.233300905485842425e-01
4.044044044044044384e+00 2.265005356729668240e-01
4.054054054054054390e+00 2.296882161021611968e-01
4.064064064064064397e+00 2.328930719237231606e-01
4.074074074074074403e+00 2.361150432252084597e-01
4.084084084084084409e+00 2.393540700941726163e-01
4.094094094094094416e+00 2.426100926181713746e-01
4.104104104104104422e+00 2.458830508847605067e-01
4.114114114114114429e+00 2.491728849814956737e-01
4.124124124124124435e+00 2.524795349959324531e-01
4.134134134134134442e+00 2.558029410156266725e-01
4.144144144144144448e+00 2.591430431281339652e-01
4.154154154154154455e+00 2.624997814210101033e-01
4.164164164164164461e+00 2.658730959818105255e-01
4.174174174174174468e+00 2.692629268980912260e-01
4.184184184184184474e+00 2.726692142574076994e-01
4.194194194194194480e+00 2.760918981473156064e-01
4.204204204204204487e+00 2.795309186553707748e-01
4.214214214214214493e+00 2.829862158691288654e-01
4.224224224224224500e+00 2.864577298761454838e-01
4.234234234234234506e+00 2.899454007639764019e-01
4.244244244244244513e+00 2.934491686201772809e-01
4.254254254254254519e+00 2.969689735323037816e-01
4.264264264264264526e+00 3.005047555879116206e-01
4.274274274274274532e+00 3.040564548745564033e-01
4.284284284284284539e+00 3.076240114797940128e-01
4.294294294294294545e+00 3.112073654911799436e-01
4.304304304304304551e+00 3.148064569962699677e-01
4.314314314314314558e+00 3.184212260826197460e-01
4.324324324324324564e+00 3.220516128377849951e-01
4.334334334334334571e+00 3.256975573493214315e-01
4.344344344344344577e+00 3.293589997047847162e-01
4.354354354354354584e+00 3.330358799917304546e-01
4.364364364364364590e+00 3.367281382977144744e-01
4.374374374374374597e+00 3.404357147102922143e-01
4.384384384384384603e+00 3.441585493170197796e-01
4.394394394394394610e+00 3.478965822054523871e-01
4.404404404404404616e+00 3.516497534631462529e-01
4.414414414414414622e+00 3.554180031776565385e-01
4.424424424424424629e+00 3.592012714365391823e-01
4.434434434434434635e+00 3.629994983273499565e-01
4.444444444444444642e+00 3.668126239376444109e-01
4.454454454454454648e+00 3.706405883549781510e-01
4.464464464464464655e+00 3.744833316669070600e-01
4.474474474474474661e+00 3.783407939609867432e-01
4.484484484484484668e+00 3.822129153247729727e-01
4.494494494494494674e+00 3.860996358458212985e-01
4.504504504504504681e+00 3.900008956116874370e-01
4.514514514514514687e+00 3.939166347099271048e-01
4.524524524524524693e+00 3.978467932280960739e-01
4.534534534534534700e+00 4.017913112537498943e-01
4.544544544544544706e+00 4.057501288744442269e-01
4.554554554554554713e+00 4.097231861777350104e-01
4.564564564564564719e+00 4.137104232511777391e-01
4.574574574574574726e+00 4.177117801823280185e-01
4.584584584584584732e+00 4.217271970587417318e-01
4.594594594594594739e+00 4.257566139679743178e-01
4.604604604604604745e+00 4.297999709975818816e-01
4.614614614614614752e+00 4.338572082351197512e-01
4.624624624624624758e+00 4.379282657681436985e-01
4.634634634634634764e+00 4.420130836842093847e-01
4.644644644644644771e+00 4.461116020708727481e-01
4.654654654654654777e+00 4.502237610156890057e-01
4.664664664664664784e+00 4.543495006062142627e-01
4.674674674674674790e+00 4.584887609300040689e-01
4.684684684684684797e+00 4.626414820746141410e-01
4.694694694694694803e+00 4.668076041276000843e-01
4.704704704704704810e+00 4.709870671765175043e-01
4.714714714714714816e+00 4.751798113089223952e-01
4.724724724724724823e+00 4.793857766123700848e-01
4.734734734734734829e+00 4.836049031744166227e-01
4.744744744744744835e+00 4.878371310826175034e-01
4.754754754754754842e+00 4.920824004245283323e-01
4.764764764764764848e+00 4.963406512877049925e-01
4.774774774774774855e+00 5.006118237597031451e-01
4.784784784784784861e+00 5.048958579280782288e-01
4.794794794794794868e+00 5.091926938803860159e-01
4.804804804804804874e+00 5.135022717041825002e-01
4.814814814814814881e+00 5.178245314870230098e-01
4.824824824824824887e+00 5.221594133164636498e-01
4.834834834834834894e+00 5.265068572800595259e-01
4.844844844844844900e+00 5.308668034653667434e-01
4.854854854854854906e+00 5.352391919599411851e-01
4.864864864864864913e+00 5.396239628513377351e-01
4.874874874874874919e+00 5.440210562271129424e-01
4.884884884884884926e+00 5.484304121748220240e-01
4.894894894894894932e+00 5.528519707820208628e-01
4.904904904904904939e+00 5.572856721362650090e-01
4.914914914914914945e+00 5.617314563251101234e-01
4.924924924924924952e+00 5.661892634361122001e-01
4.934934934934934958e+00 5.706590335568264560e-01
4.944944944944944965e+00 5.751407067748088853e-01
4.954954954954954971e+00 5.796342231776151488e-01
4.964964964964964977e+00 5.841395228528010186e-01
4.974974974974974984e+00 5.886565458879219337e-01
4.984984984984984990e+00 5.931852323705338881e-01
4.994994994994994997e+00 5.977255223881920987e-01
5.005005005005005003e+00 6.022773550939958254e-01
5.015015015015015010e+00 6.068406481485278947e-01
5.025025025025025016e+00 6.114152977198573646e-01
5.035035035035035023e+00 6.160011990415957817e-01
5.045045045045045029e+00 6.205982473473549144e-01
5.055055055055055035e+00 6.252063378707460872e-01
5.065065065065065042e+00 6.298253658453807358e-01
5.075075075075075048e+00 6.344552265048704065e-01
5.085085085085085055e+00 6.390958150828267570e-01
5.095095095095095061e+00 6.437470268128613338e-01
5.105105105105105068e+00 6.484087569285856834e-01
5.115115115115115074e+00 6.530809006636114633e-01
5.125125125125125081e+00 6.577633532515497761e-01
5.135135135135135087e+00 6.624560099260126123e-01
5.145145145145145094e+00 6.671587659206115184e-01
5.155155155155155100e+00 6.718715164689577080e-01
5.165165165165165106e+00 6.765941568046628385e-01
5.175175175175175113e+00 6.813265821613386786e-01
5.185185185185185119e+00 6.860686877725966637e-01
5.195195195195195126e+00 6.908203688720481184e-01
5.205205205205205132e+00 6.955815206933047001e-01
5.215215215215215139e+00 7.003520384699780665e-01
5.225225225225225145e+00 7.051318174356797641e-01
5.235235235235235152e+00 7.099207528240211174e-01
5.245245245245245158e+00 7.147187398686140059e-01
5.255255255255255165e+00 7.195256738030696431e-01
5.265265265265265171e+00 7.243414498609999086e-01
5.275275275275275177e+00 7.291659632760157939e-01
5.285285285285285184e+00 7.339991092817295115e-01
5.295295295295295190e+00 7.388407831117521640e-01
5.305305305305305197e+00 7.436908799996952979e-01
5.315315315315315203e+00 7.485492951791707927e-01
5.325325325325325210e+00 7.534159238837898620e-01
5.335335335335335216e+00 7.582906613471642743e-01
5.345345345345345223e+00 7.631734028029053540e-01
5.355355355355355229e+00 7.680640434846247588e-01
5.365365365365365236e+00 7.729624786259340352e-01
5.375375375375375242e+00 7.778686034604447297e-01
5.385385385385385248e+00 7.827823132217681668e-01
5.395395395395395255e+00 7.877035031435162260e-01
5.405405405405405261e+00 7.926320684593005650e-01
5.415415415415415268e+00 7.975679044027321751e-01
5.425425425425425274e+00 8.025109062074228250e-01
5.435435435435435281e+00 8.074609691069843942e-01
5.445445445445445287e+00 8.124179883350279852e-01
5.455455455455455294e+00 8.173818591251653665e-01
5.465465465465465300e+00 8.223524767110078626e-01
5.475475475475475307e+00 8.273297363261674642e-01
5.485485485485485313e+00 8.323135332042554957e-01
5.495495495495495319e+00 8.373037625788830596e-01
5.505505505505505326e+00 8.423003196836624795e-01
5.515515515515515332e+00 8.473030997522046359e-01
5.525525525525525339e+00 8.523119980181212973e-01
5.535535535535535345e+00 8.573269097150242324e-01
5.545545545545545352e+00 8.623477300765247655e-01
5.555555555555555358e+00 8.673743543362343322e-01
5.565565565565565365e+00 8.724066777277647011e-01
5.575575575575575371e+00 8.774445954847273077e-01
5.585585585585585378e+00 8.824880028407336985e-01
5.595595595595595384e+00 8.875367950293955310e-01
5.605605605605605390e+00 8.925908672843240188e-01
5.615615615615615397e+00 8.976501148391309304e-01
5.625625625625625403e+00 9.027144329274279233e-01
5.635635635635635410e+00 9.077837167828266551e-01
5.645645645645645416e+00 9.128578616389382283e-01
5.655655655655655423e+00 9.179367627293743004e-01
5.665665665665665429e+00 9.230203152877465289e-01
5.675675675675675436e+00 9.281084145476665714e-01
5.685685685685685442e+00 9.332009557427458635e-01
5.695695695695695449e+00 9.382978341065957295e-01
5.705705705705705455e+00 9.433989448728279381e-01
5.715715715715715461e+00 9.485041832750541468e-01
5.725725725725725468e+00 9.536134445468855692e-01
5.735735735735735474e+00 9.587266239219339736e-01
5.745745745745745481e+00 9.638436166338110178e-01
5.755755755755755487e+00 9.689643179161281372e-01
5.765765765765765494e+00 9.740886230024965453e-01
5.775775775775775500e+00 9.792164271265281217e-01
5.785785785785785507e+00 9.843476255218344129e-01
5.795795795795795513e+00 9.894821134220267433e-01
5.805805805805805520e+00 9.946197860607168817e-01
5.815815815815815526e+00 9.997605386715161524e-01
5.825825825825825532e+00 1.004904266488036768e+00
5.835835835835835539e+00 1.010050864743889276e+00
5.845845845845845545e+00 1.015200228672686000e+00
5.855855855855855552e+00 1.020352253508038265e+00
5.865865865865865558e+00 1.025506834483556950e+00
5.875875875875875565e+00 1.030663866832854492e+00
5.885885885885885571e+00 1.035823245789541991e+00
5.895895895895895578e+00 1.040984866587231217e+00
5.905905905905905584e+00 1.046148624459533716e+00
5.915915915915915591e+00 1.051314414640060813e+00
5.925925925925925597e+00 1.056482132362424275e+00
5.935935935935935603e+00 1.061651672860235207e+00
5.945945945945945610e+00 1.066822931367105820e+00
5.955955955955955616e+00 1.071995803116646995e+00
5.965965965965965623e+00 1.077170183342470722e+00
5.975975975975975629e+00 1.082345967278188548e+00
5.985985985985985636e+00 1.087523050157411575e+00
5.995995995995995642e+00 1.092701327213752016e+00
6.006006006006005649e+00 1.097880693680820752e+00
6.016016016016015655e+00 1.103061044792229772e+00
6.026026026026025662e+00 1.108242275781590402e+00
6.036036036036035668e+00 1.113424281882514189e+00
6.046046046046045674e+00 1.118606958328612677e+00
6.056056056056055681e+00 1.123790200353497637e+00
6.066066066066065687e+00 1.128973903190780392e+00
6.076076076076075694e+00 1.134157962074072712e+00
6.086086086086085700e+00 1.139342272236985698e+00
6.096096096096095707e+00 1.144526728913131342e+00
6.106106106106105713e+00 1.149711227336120967e+00
6.116116116116115720e+00 1.154895662739566120e+00
6.126126126126125726e+00 1.160079930357078126e+00
6.136136136136135732e+00 1.165263925422268976e+00
6.146146146146145739e+00 1.170447543168749993e+00
6.156156156156155745e+00 1.175630678830132947e+00
6.166166166166165752e+00 1.180813227640028940e+00
6.176176176176175758e+00 1.185995084832049740e+00
6.186186186186185765e+00 1.191176145639806894e+00
6.196196196196195771e+00 1.196356305296912170e+00
6.206206206206205778e+00 1.201535459036976672e+00
6.216216216216215784e+00 1.206713502093612389e+00
6.226226226226225791e+00 1.211890329700430202e+00
6.236236236236235797e+00 1.217065837091042546e+00
6.246246246246245803e+00 1.222239919499060079e+00
6.256256256256255810e+00 1.227412472158095236e+00
6.266266266266265816e+00 1.232583390301758453e+00
6.276276276276275823e+00 1.237752569163662830e+00
6.286286286286285829e+00 1.242919903977418139e+00
6.296296296296295836e+00 1.248085289976637036e+00
6.306306306306305842e+00 1.253248622394930845e+00
6.316316316316315849e+00 1.258409796465911112e+00
6.326326326326325855e+00 1.263568707423189164e+00
6.336336336336335862e+00 1.268725250500377211e+00
6.346346346346345868e+00 1.273879320931085468e+00
6.356356356356355874e+00 1.279030813948927037e+00
6.366366366366365881e+00 1.284179624787512575e+00
6.376376376376375887e+00 1.289325648680453407e+00
6.386386386386385894e+00 1.294468780861361745e+00
6.396396396396395900e+00 1.299608916563848693e+00
6.406406406406405907e+00 1.304745951021526240e+00
6.416416416416416801e+00 1.309879779468005934e+00
6.426426426426426808e+00 1.315010297136898432e+00
6.436436436436436814e+00 1.320137399261815947e+00
6.446446446446446821e+00 1.325260981076369582e+00
6.456456456456456827e+00 1.330380937814171771e+00
6.466466466466466834e+00 1.335497164708833395e+00
6.476476476476476840e+00 1.340609556993965779e+00
6.486486486486486847e+00 1.345718009903181134e+00
6.496496496496496853e+00 1.350822418670090563e+00
6.506506506506506859e+00 1.355922678528305614e+00
6.516516516516516866e+00 1.361018684711438276e+00
6.526526526526526872e+00 1.366110332453099430e+00
6.536536536536536879e+00 1.371197516986900844e+00
6.546546546546546885e+00 1.376280133546454065e+00
6.556556556556556892e+00 1.381358077365371084e+00
6.566566566566566898e+00 1.386431243677262781e+00
6.576576576576576905e+00 1.391499527715741369e+00
6.586586586586586911e+00 1.396562824714417506e+00
6.596596596596596918e+00 1.401621029906903626e+00
6.606606606606606924e+00 1.406674038526810833e+00
6.616616616616616930e+00 1.411721745807750894e+00
6.626626626626626937e+00 1.416764046983334913e+00
6.636636636636636943e+00 1.421800837287174879e+00
6.646646646646646950e+00 1.426832011952882118e+00
6.656656656656656956e+00 1.431857466214068175e+00
6.666666666666666963e+00 1.436877095304344598e+00
6.676676676676676969e+00 1.441890794457322933e+00
6.686686686686686976e+00 1.446898458906615170e+00
6.696696696696696982e+00 1.451899983885831746e+00
6.706706706706706989e+00 1.456895264628585318e+00
6.716716716716716995e+00 1.461884196368487210e+00
6.726726726726727001e+00 1.466866674339148302e+00
6.736736736736737008e+00 1.471842593774181251e+00
6.746746746746747014e+00 1.476811849907196050e+00
6.756756756756757021e+00 1.481774337971805799e+00
6.766766766766767027e+00 1.486729953201620935e+00
6.776776776776777034e+00 1.491678590830254114e+00
6.786786786786787040e+00 1.496620146091315329e+00
6.796796796796797047e+00 1.501554514218417680e+00
6.806806806806807053e+00 1.506481590445172047e+00
6.816816816816817060e+00 1.511401270005189534e+00
6.826826826826827066e+00 1.516313448132081909e+00
6.836836836836837072e+00 1.521218020059461828e+00
6.846846846846847079e+00 1.526114881020939062e+00
6.856856856856857085e+00 1.531003926250126490e+00
6.866866866866867092e+00 1.535885050980634770e+00
6.876876876876877098e+00 1.540758150446076558e+00
6.886886886886887105e+00 1.545623119880061846e+00
6.896896896896897111e+00 1.550479854516203293e+00
6.906906906906907118e+00 1.555328249588112444e+00
6.916916916916917124e+00 1.560168200329400401e+00
6.926926926926927131e+00 1.564999601973678933e+00
6.936936936936937137e+00 1.569822349754559365e+00
6.946946946946947143e+00 1.574636338905653465e+00
6.956956956956957150e+00 1.579441464660572558e+00
6.966966966966967156e+00 1.584237622252928634e+00
6.976976976976977163e+00 1.589024706916333018e+00
6.986986986986987169e+00 1.593802613884396813e+00
6.996996996996997176e+00 1.598571238390732008e+00
7.007007007007007182e+00 1.603330483237341397e+00
7.017017017017017189e+00 1.608080329359385274e+00
7.027027027027027195e+00 1.612820803786394253e+00
7.037037037037037202e+00 1.617551934143662828e+00
7.047047047047047208e+00 1.622273748056483722e+00
7.057057057057057214e+00 1.626986273150151208e+00
7.067067067067067221e+00 1.631689537049959116e+00
7.077077077077077227e+00 1.636383567381200388e+00
7.087087087087087234e+00 1.641068391769168411e+00
7.097097097097097240e+00 1.645744037839157903e+00
7.107107107107107247e+00 1.650410533216462028e+00
7.117117117117117253e+00 1.655067905526374394e+00
7.127127127127127260e+00 1.659716182394187944e+00
7.137137137137137266e+00 1.664355391445197840e+00
7.147147147147147273e+00 1.668985560304696580e+00
7.157157157157157279e+00 1.673606716597977773e+00
7.167167167167167285e+00 1.678218887950335469e+00
7.177177177177177292e+00 1.682822101987063501e+00
7.187187187187187298e+00 1.687416386333455032e+00
7.197197197197197305e+00 1.692001768614803670e+00
7.207207207207207311e+00 1.696578276456403023e+00
7.217217217217217318e+00 1.701145937483547366e+00
7.227227227227227324e+00 1.705704779321529641e+00
7.237237237237237331e+00 1.710254829595643900e+00
7.247247247247247337e+00 1.714796115931183529e+00
7.257257257257257343e+00 1.719328665953442359e+00
7.267267267267267350e+00 1.723852507287713554e+00
7.277277277277277356e+00 1.728367667559291609e+00
7.287287287287287363e+00 1.732874174393469691e+00
7.297297297297297369e+00 1.737372055415540739e+00
7.307307307307307376e+00 1.741861338250799474e+00
7.317317317317317382e+00 1.746342050524539280e+00
7.327327327327327389e+00 1.750814219862053545e+00
7.337337337337337395e+00 1.755277873888635654e+00
7.347347347347347402e+00 1.759733040229579437e+00
7.357357357357357408e+00 1.764179746510179392e+00
7.367367367367367414e+00 1.768618020355727793e+00
7.377377377377377421e+00 1.773047889391519139e+00
7.387387387387387427e+00 1.777469381242847035e+00
7.397397397397397434e+00 1.781882523535004426e+00
7.407407407407407440e+00 1.786287343893285806e+00
7.417417417417417447e+00 1.790683869942984119e+00
7.427427427427427453e+00 1.795072129309393194e+00
7.437437437437437460e+00 1.799452149617807084e+00
7.447447447447447466e+00 1.803823958493519397e+00
7.457457457457457473e+00 1.808187583561823075e+00
7.467467467467467479e+00 1.812543052448012171e+00
7.477477477477477485e+00 1.816890392777380514e+00
7.487487487487487492e+00 1.821229632175221491e+00
7.497497497497497498e+00 1.825560798266828488e+00
7.507507507507507505e+00 1.829883918677495780e+00
7.517517517517517511e+00 1.834199021032516530e+00
7.527527527527527518e+00 1.838506132957184125e+00
7.537537537537537524e+00 1.842805282076793283e+00
7.547547547547547531e+00 1.847096496016636502e+00
7.557557557557557537e+00 1.851379802402008057e+00
7.567567567567567544e+00 1.855655228858201333e+00
7.577577577577577550e+00 1.859922803010509940e+00
7.587587587587587556e+00 1.864182552484227706e+00
7.597597597597597563e+00 1.868434504904648019e+00
7.607607607607607569e+00 1.872678687897064931e+00
7.617617617617617576e+00 1.876915129086771383e+00
7.627627627627627582e+00 1.881143856099060985e+00
7.637637637637637589e+00 1.885364896559228232e+00
7.647647647647647595e+00 1.889578278092566510e+00
7.657657657657657602e+00 1.893784028324369206e+00
7.667667667667667608e+00 1.897982174879929707e+00
7.677677677677677615e+00 1.902172745384542285e+00
7.687687687687687621e+00 1.906355767463499884e+00
7.697697697697697627e+00 1.910531268742097000e+00
7.707707707707707634e+00 1.914699276845626352e+00
7.717717717717717640e+00 1.918859819399381994e+00
7.727727727727727647e+00 1.923012924028657533e+00
7.737737737737737653e+00 1.927158618358746800e+00
7.747747747747747660e+00 1.931296930014942737e+00
7.757757757757757666e+00 1.935427886622540505e+00
7.767767767767767673e+00 1.939551515806831938e+00
7.777777777777777679e+00 1.943667845193111754e+00
7.787787787787787686e+00 1.947776902406673116e+00
7.797797797797797692e+00 1.951878715072809189e+00
7.807807807807807698e+00 1.955973310816815358e+00
7.817817817817817705e+00 1.960060717263984120e+00
7.827827827827827711e+00 1.964140962039608862e+00
7.837837837837837718e+00 1.968214072768982970e+00
7.847847847847847724e+00 1.972280077077401383e+00
7.857857857857857731e+00 1.976339002590156158e+00
7.867867867867867737e+00 1.980390876932542454e+00
7.877877877877877744e+00 1.984435727729852550e+00
7.887887887887887750e+00 1.988473582607381385e+00
7.897897897897897757e+00 1.992504469190421013e+00
7.907907907907907763e+00 1.996528415104267040e+00
7.917917917917917769e+00 2.000545447974211299e+00
7.927927927927927776e+00 2.004555595425548287e+00
7.937937937937937782e+00 2.008558885083571610e+00
7.947947947947947789e+00 2.012555344573574878e+00
7.957957957957957795e+00 2.016545001520851255e+00
7.967967967967967802e+00 2.020527883550695236e+00
7.977977977977977808e+00 2.024504018288399987e+00
7.987987987987987815e+00 2.028473433359258671e+00
7.997997997997997821e+00 2.032436156388565784e+00
8.008008008008008716e+00 2.036392215001614492e+00
8.018018018018018722e+00 2.040341636823698845e+00
8.028028028028028729e+00 2.044284449480111565e+00
8.038038038038038735e+00 2.048220680596147592e+00
8.048048048048048742e+00 2.052150357797099200e+00
8.058058058058058748e+00 2.056073508708260444e+00
8.068068068068068754e+00 2.059990160954925376e+00
8.078078078078078761e+00 2.063900342162387602e+00
8.088088088088088767e+00 2.067804079955941177e+00
8.098098098098098774e+00 2.071701401960878819e+00
8.108108108108108780e+00 2.075592335802493693e+00
8.118118118118118787e+00 2.079476909106080740e+00
8.128128128128128793e+00 2.083355149496933123e+00
8.138138138138138800e+00 2.087227084600344007e+00
8.148148148148148806e+00 2.091092742041607888e+00
8.158158158158158813e+00 2.094952149446017931e+00
8.168168168168168819e+00 2.098805334438867742e+00
8.178178178178178825e+00 2.102652324645450932e+00
8.188188188188188832e+00 2.106493147691061107e+00
8.198198198198198838e+00 2.110327831200991877e+00
8.208208208208208845e+00 2.114156402800537737e+00
8.218218218218218851e+00 2.117978890114991408e+00
8.228228228228228858e+00 2.121795320769646054e+00
8.238238238238238864e+00 2.125605722389796171e+00
8.248248248248248871e+00 2.129410122600735811e+00
8.258258258258258877e+00 2.133208549027757250e+00
8.268268268268268884e+00 2.137001029296155874e+00
8.278278278278278890e+00 2.140787591031223069e+00
8.288288288288288896e+00 2.144568261858254221e+00
8.298298298298298903e+00 2.148343069402542493e+00
8.308308308308308909e+00 2.152112041289381494e+00
8.318318318318318916e+00 2.155875205144064832e+00
8.328328328328328922e+00 2.159632588591885671e+00
8.338338338338338929e+00 2.163384219258138508e+00
8.348348348348348935e+00 2.167130124768117394e+00
8.358358358358358942e+00 2.170870332747114162e+00
8.368368368368368948e+00 2.174604870820423752e+00
8.378378378378378954e+00 2.178333766613338884e+00
8.388388388388388961e+00 2.182057047751154499e+00
8.398398398398398967e+00 2.185774741859163761e+00
8.408408408408408974e+00 2.189486876562659390e+00
8.418418418418418980e+00 2.193193479486936326e+00
8.428428428428428987e+00 2.196894578257287289e+00
8.438438438438438993e+00 2.200590200499006333e+00
8.448448448448449000e+00 2.204280373837386620e+00
8.458458458458459006e+00 2.207965125897722203e+00
8.468468468468469013e+00 2.211644484305307135e+00
8.478478478478479019e+00 2.215318476685434135e+00
8.488488488488489025e+00 2.218987130663397700e+00
8.498498498498499032e+00 2.222650473864490106e+00
8.508508508508509038e+00 2.226308533914007182e+00
8.518518518518519045e+00 2.229961338437240315e+00
8.528528528528529051e+00 2.233608915059484445e+00
8.538538538538539058e+00 2.237251291406033182e+00
8.548548548548549064e+00 2.240888495102179245e+00
8.558558558558559071e+00 2.244520553773217131e+00
8.568568568568569077e+00 2.248147495044439559e+00
8.578578578578579084e+00 2.251769346541141914e+00
8.588588588588589090e+00 2.255386135888616472e+00
8.598598598598599096e+00 2.258997890712156842e+00
8.608608608608609103e+00 2.262604638637057075e+00
8.618618618618619109e+00 2.266206407288610780e+00
8.628628628628629116e+00 2.269803224292111565e+00
8.638638638638639122e+00 2.273395117272852595e+00
8.648648648648649129e+00 2.276982113856128365e+00
8.658658658658659135e+00 2.280564241667232039e+00
8.668668668668669142e+00 2.284141528331456339e+00
8.678678678678679148e+00 2.287714001474097092e+00
8.688688688688689155e+00 2.291281688720446130e+00
8.698698698698699161e+00 2.294844617695797506e+00
8.708708708708709167e+00 2.298402816025445272e+00
8.718718718718719174e+00 2.301956311334682592e+00
8.728728728728729180e+00 2.305505131248803075e+00
8.738738738738739187e+00 2.309049303393101216e+00
8.748748748748749193e+00 2.312588855392869291e+00
8.758758758758759200e+00 2.316123814873402242e+00
8.768768768768769206e+00 2.319654209459992344e+00
8.778778778778779213e+00 2.323180066777934094e+00
8.788788788788789219e+00 2.326701414452521988e+00
8.798798798798799226e+00 2.330218280109047413e+00
8.808808808808809232e+00 2.333730691372805310e+00
8.818818818818819238e+00 2.337238675869089732e+00
8.828828828828829245e+00 2.340742261223194287e+00
8.838838838838839251e+00 2.344241475060412139e+00
8.848848848848849258e+00 2.347736345006036451e+00
8.858858858858859264e+00 2.351226898685361277e+00
8.868868868868869271e+00 2.354713163723680669e+00
8.878878878878879277e+00 2.358195167746287790e+00
8.888888888888889284e+00 2.361672938378476694e+00
8.898898898898899290e+00 2.365146503245540099e+00
8.908908908908909297e+00 2.368615889972772948e+00
8.918918918918919303e+00 2.372081126185467959e+00
8.928928928928929309e+00 2.375542239508918740e+00
8.938938938938939316e+00 2.378999257568419790e+00
8.948948948948949322e+00 2.382452207989263826e+00
8.958958958958959329e+00 2.385901118396744902e+00
8.968968968968969335e+00 2.389346016416156182e+00
8.978978978978979342e+00 2.392786929672792162e+00
8.988988988988989348e+00 2.396223885791946007e+00
8.998998998998999355e+00 2.399656912398911324e+00
9.009009009009009361e+00 2.403086033065731986e+00
9.019019019019019368e+00 2.406511249441319222e+00
9.029029029029029374e+00 2.409932555796447495e+00
9.039039039039039380e+00 2.413349946396331269e+00
9.049049049049049387e+00 2.416763415506183232e+00
9.059059059059059393e+00 2.420172957391217405e+00
9.069069069069069400e+00 2.423578566316649141e+00
9.079079079079079406e+00 2.426980236547691572e+00
9.089089089089089413e+00 2.430377962349557830e+00
9.099099099099099419e+00 2.433771737987462380e+00
9.109109109109109426e+00 2.437161557726619243e+00
9.119119119119119432e+00 2.440547415832242439e+00
9.129129129129129439e+00 2.443929306569545989e+00
9.139139139139139445e+00 2.447307224203743914e+00
9.149149149149149451e+00 2.450681163000048901e+00
9.159159159159159458e+00 2.454051117223676748e+00
9.169169169169169464e+00 2.457417081139839254e+00
9.179179179179179471e+00 2.460779049013752662e+00
9.189189189189189477e+00 2.464137015110628770e+00
9.199199199199199484e+00 2.467490973695682932e+00
9.209209209209209490e+00 2.470840919034128280e+00
9.219219219219219497e+00 2.474186845391179279e+00
9.229229229229229503e+00 2.477528747032049061e+00
9.239239239239239510e+00 2.480866618221952979e+00
9.249249249249249516e+00 2.484200453226104166e+00
9.259259259259259522e+00 2.487530246309715309e+00
9.269269269269269529e+00 2.490855991738002206e+00
9.279279279279279535e+00 2.494177683776177545e+00
9.289289289289289542e+00 2.497495316689455791e+00
9.299299299299299548e+00 2.500808884743050964e+00
9.309309309309309555e+00 2.504118382202177973e+00
9.319319319319319561e+00 2.507423803332047729e+00
9.329329329329329568e+00 2.510725142397876475e+00
9.339339339339339574e+00 2.514022393664878230e+00
9.349349349349349581e+00 2.517315551398266127e+00
9.359359359359359587e+00 2.520604609863254186e+00
9.369369369369369593e+00 2.523889563325056429e+00
9.379379379379379600e+00 2.527170406048886431e+00
9.389389389389389606e+00 2.530447132299959101e+00
9.399399399399399613e+00 2.533719736343487572e+00
9.409409409409409619e+00 2.536988212444685864e+00
9.419419419419419626e+00 2.540252554868767554e+00
9.429429429429429632e+00 2.543512757880947994e+00
9.439439439439439639e+00 2.546768815746439429e+00
9.449449449449449645e+00 2.550020722730455880e+00
9.459459459459459651e+00 2.553268473098212255e+00
9.469469469469469658e+00 2.556512061114922130e+00
9.479479479479479664e+00 2.559751481045799082e+00
9.489489489489489671e+00 2.562986727156057576e+00
9.499499499499499677e+00 2.566217793710910744e+00
9.509509509509509684e+00 2.569444674975573495e+00
9.519519519519519690e+00 2.572667365215258961e+00
9.529529529529529697e+00 2.575885858695181163e+00
9.539539539539539703e+00 2.579100149680554566e+00
9.549549549549549710e+00 2.582310232436592745e+00
9.559559559559559716e+00 2.585516101228509278e+00
9.569569569569569722e+00 2.588717750321518629e+00
9.579579579579579729e+00 2.591915173980834375e+00
9.589589589589589735e+00 2.595108366471670092e+00
9.599599599599599742e+00 2.598297322059240688e+00
9.609609609609609748e+00 2.601482035008759297e+00
9.619619619619619755e+00 2.604662499585440383e+00
9.629629629629629761e+00 2.607838710054497078e+00
9.639639639639639768e+00 2.611010660681144291e+00
9.649649649649649774e+00 2.614178345730596043e+00
9.659659659659659781e+00 2.617341759468064133e+00
9.669669669669669787e+00 2.620500896158764803e+00
9.679679679679679793e+00 2.623655750067911185e+00
9.689689689689689800e+00 2.626806315460716856e+00
9.699699699699699806e+00 2.629952586602396281e+00
9.709709709709709813e+00 2.633094557758163035e+00
9.719719719719719819e+00 2.636232223193231583e+00
9.729729729729729826e+00 2.639365577172815058e+00
9.739739739739739832e+00 2.642494613962127925e+00
9.749749749749749839e+00 2.645619327826384204e+00
9.759759759759759845e+00 2.648739713030797027e+00
9.769769769769769852e+00 2.651855763840580860e+00
9.779779779779779858e+00 2.654967474520950166e+00
9.789789789789789864e+00 2.658074839337117190e+00
9.799799799799799871e+00 2.661177852554297729e+00
9.809809809809809877e+00 2.664276508437704472e+00
9.819819819819819884e+00 2.667370801252552326e+00
9.829829829829829890e+00 2.670460725264054425e+00
9.839839839839839897e+00 2.673546274737424788e+00
9.849849849849849903e+00 2.676627443937877437e+00
9.859859859859859910e+00 2.679704227130626393e+00
9.869869869869869916e+00 2.682776618580886119e+00
9.879879879879879923e+00 2.685844612553868860e+00
9.889889889889889929e+00 2.688908203314790413e+00
9.899899899899899935e+00 2.691967385128863910e+00
9.909909909909909942e+00 2.695022152261302484e+00
9.919919919919919948e+00 2.698072498977321931e+00
9.929929929929929955e+00 2.701118419542133609e+00
9.939939939939939961e+00 2.704159908220954200e+00
9.949949949949949968e+00 2.707196959278995951e+00
9.959959959959959974e+00 2.710229566981472882e+00
9.969969969969969981e+00 2.713257725593599456e+00
9.979979979979979987e+00 2.716281429380588808e+00
9.989989989989989994e+00 2.719300672607656288e+00
1.000000000000000000e+01 2.722315449540013699e+00
1.001001001001001001e+01 2.725325754442876836e+00
1.002002002002002001e+01 2.728331581581458387e+00
1.003003003003003002e+01 2.731332925220973706e+00
1.004004004004004003e+01 2.734329779626635482e+00
1.005005005005005003e+01 2.737322139063657289e+00
1.006006006006006004e+01 2.740309997797254482e+00
1.007007007007007005e+01 2.743293350092640637e+00
1.008008008008008005e+01 2.746272190215028441e+00
1.009009009009009006e+01 2.749246512429633249e+00
1.010010010010010006e+01 2.752216311001667748e+00
1.011011011011011007e+01 2.755181580196346847e+00
1.012012012012012008e+01 2.758142314278884122e+00
1.013013013013013008e+01 2.761098507514493150e+00
1.014014014014014009e+01 2.764050154168387952e+00
1.015015015015015010e+01 2.766997248505782991e+00
1.016016016016016010e+01 2.769939784791891846e+00
1.017017017017017011e+01 2.772877757291928980e+00
1.018018018018018012e+01 2.775811160271107081e+00
1.019019019019019012e+01 2.778739987994640614e+00
1.020020020020020013e+01 2.781664234727744489e+00
1.021021021021021014e+01 2.784583894735631393e+00
1.022022022022022014e+01 2.787498962283515791e+00
1.023023023023023015e+01 2.790409431636610815e+00
1.024024024024024015e+01 2.793315297060131819e+00
1.025025025025025016e+01 2.796216552819291490e+00
1.026026026026026017e+01 2.799113193179304293e+00
1.027027027027027017e+01 2.802005212405383805e+00
1.028028028028028018e+01 2.804892604762744490e+00
1.029029029029029019e+01 2.807775364516599481e+00
1.030030030030030019e+01 2.810653485932163687e+00
1.031031031031031020e+01 2.813526963274650683e+00
1.032032032032032021e+01 2.816395790809274047e+00
1.033033033033033021e+01 2.819259962801247354e+00
1.034034034034034022e+01 2.822119473515785959e+00
1.035035035035035023e+01 2.824974317218102549e+00
1.036036036036036023e+01 2.827824488173410256e+00
1.037037037037037024e+01 2.830669980646924877e+00
1.038038038038038025e+01 2.833510788903860433e+00
1.039039039039039025e+01 2.836346907209428281e+00
1.040040040040040026e+01 2.839178329828845548e+00
1.041041041041041026e+01 2.842005051027323592e+00
1.042042042042042027e+01 2.844827065070078653e+00
1.043043043043043028e+01 2.847644366222322088e+00
1.044044044044044028e+01 2.850456948749269248e+00
1.045045045045045029e+01 2.853264806916134155e+00
1.046046046046046030e+01 2.856067934988130830e+00
1.047047047047047030e+01 2.858866327230471960e+00
1.048048048048048031e+01 2.861659977908372898e+00
1.049049049049049032e+01 2.864448881287047222e+00
1.050050050050050032e+01 2.867233031631708506e+00
1.051051051051051033e+01 2.870012423207570773e+00
1.052052052052052034e+01 2.872787050279847598e+00
1.053053053053053034e+01 2.875556907113753446e+00
1.054054054054054035e+01 2.878321987974501894e+00
1.055055055055055035e+01 2.881082287127307850e+00
1.056056056056056036e+01 2.883837798837383559e+00
1.057057057057057037e+01 2.886588517369943929e+00
1.058058058058058037e+01 2.889334436990202981e+00
1.059059059059059038e+01 2.892075551963373847e+00
1.060060060060060039e+01 2.894811856554671436e+00
1.061061061061061039e+01 2.897543345029309769e+00
1.062062062062062040e+01 2.900270011652501534e+00
1.063063063063063041e+01 2.902991850689461639e+00
1.064064064064064041e+01 2.905708856405403662e+00
1.065065065065065042e+01 2.908421023065541622e+00
1.066066066066066043e+01 2.911128344935089096e+00
1.067067067067067043e+01 2.913830816279260105e+00
1.068068068068068044e+01 2.916528431363269114e+00
1.069069069069069045e+01 2.919221184452330142e+00
1.070070070070070045e+01 2.921909069811655879e+00
1.071071071071071046e+01 2.924592081706461233e+00
1.072072072072072046e+01 2.927270214401960224e+00
1.073073073073073047e+01 2.929943462163365542e+00
1.074074074074074048e+01 2.932611819255892538e+00
1.075075075075075048e+01 2.935275279944755233e+00
1.076076076076076049e+01 2.937933838495165872e+00
1.077077077077077050e+01 2.940587489172340252e+00
1.078078078078078050e+01 2.943236226241491060e+00
1.079079079079079051e+01 2.945880043967832762e+00
1.080080080080080052e+01 2.948518936616579378e+00
1.081081081081081052e+01 2.951152898452944484e+00
1.082082082082082053e+01 2.953781923742141657e+00
1.083083083083083054e+01 2.956406006749385362e+00
1.084084084084084054e+01 2.959025141739890064e+00
1.085085085085085055e+01 2.961639322978868005e+00
1.086086086086086056e+01 2.964248544731535429e+00
1.087087087087087056e+01 2.966852801263103245e+00
1.088088088088088057e+01 2.969452086838788585e+00
1.089089089089089057e+01 2.972046395723803691e+00
1.090090090090090058e+01 2.974635722183362141e+00
1.091091091091091059e+01 2.977220060482678399e+00
1.092092092092092059e+01 2.979799404886966485e+00
1.093093093093093060e+01 2.982373749661439977e+00
1.094094094094094061e+01 2.984943089071313338e+00
1.095095095095095061e+01 2.987507417381800146e+00
1.096096096096096062e+01 2.990066728858114864e+00
1.097097097097097063e+01 2.992621017765469738e+00
1.098098098098098063e+01 2.995170278369081007e+00
1.099099099099099064e+01 2.997714504934160473e+00
1.100100100100100065e+01 3.000253691726098015e+00
1.101101101101101065e+01 3.002787833242205551e+00
1.102102102102102066e+01 3.005316924668924639e+00
1.103103103103103066e+01 3.007840961320106032e+00
1.104104104104104067e+01 3.010359938509599598e+00
1.105105105105105068e+01 3.012873851551256532e+00
1.106106106106106068e+01 3.015382695758928477e+00
1.107107107107107069e+01 3.017886466446463523e+00
1.108108108108108070e+01 3.020385158927715530e+00
1.109109109109109070e+01 3.022878768516533476e+00
1.110110110110110071e+01 3.025367290526767672e+00
1.111111111111111072e+01 3.027850720272269758e+00
1.112112112112112072e+01 3.030329053066890044e+00
1.113113113113113073e+01 3.032802284224479283e+00
1.114114114114114074e+01 3.035270409058887786e+00
1.115115115115115074e+01 3.037733422883967194e+00
1.116116116116116075e+01 3.040191321013567816e+00
1.117117117117117076e+01 3.042644098761538629e+00
1.118118118118118076e+01 3.045091751441732608e+00
1.119119119119119077e+01 3.047534274367999618e+00
1.120120120120120077e+01 3.049971662854190857e+00
1.121121121121121078e+01 3.052403912214156634e+00
1.122122122122122079e+01 3.054831017761746370e+00
1.123123123123123079e+01 3.057252974810812152e+00
1.124124124124124080e+01 3.059669778675205176e+00
1.125125125125125081e+01 3.062081424668774865e+00
1.126126126126126081e+01 3.064487908105372416e+00
1.127127127127127082e+01 3.066889224298848582e+00
1.128128128128128083e+01 3.069285368563054117e+00
1.129129129129129083e+01 3.071676336211839331e+00
1.130130130130130084e+01 3.074062122559054977e+00
1.131131131131131085e+01 3.076442722918552697e+00
1.132132132132132085e+01 3.078818132604181468e+00
1.133133133133133086e+01 3.081188346929792932e+00
1.134134134134134086e+01 3.083553361209239174e+00
1.135135135135135087e+01 3.085913170756368284e+00
1.136136136136136088e+01 3.088267770885031460e+00
1.137137137137137088e+01 3.090617156909081231e+00
1.138138138138138089e+01 3.092961324142366575e+00
1.139139139139139090e+01 3.095300267898738689e+00
1.140140140140140090e+01 3.097633983492048770e+00
1.141141141141141091e+01 3.099962466236146685e+00
1.142142142142142092e+01 3.102285711444883187e+00
1.143143143143143092e+01 3.104603714432109918e+00
1.144144144144144093e+01 3.106916470511676298e+00
1.145145145145145094e+01 3.109223974997433970e+00
1.146146146146146094e+01 3.111526223203233688e+00
1.147147147147147095e+01 3.113823210442924427e+00
1.148148148148148096e+01 3.116114932030358720e+00
1.149149149149149096e+01 3.118401383279387318e+00
1.150150150150150097e+01 3.120682559503858755e+00
1.151151151151151097e+01 3.122958456017626894e+00
1.152152152152152098e+01 3.125229068134539823e+00
1.153153153153153099e+01 3.127494391168449184e+00
1.154154154154154099e+01 3.129754420433206175e+00
1.155155155155155100e+01 3.132009151242660661e+00
1.156156156156156101e+01 3.134258578910663839e+00
1.157157157157157101e+01 3.136502698751066021e+00
1.158158158158158102e+01 3.138741506077717958e+00
1.159159159159159103e+01 3.140974996204471292e+00
1.160160160160160103e+01 3.143203164445175002e+00
1.161161161161161104e+01 3.145426006113680728e+00
1.162162162162162105e+01 3.147643516523838780e+00
1.163163163163163105e+01 3.149855690989500356e+00
1.164164164164164106e+01 3.152062524824516654e+00
1.165165165165165106e+01 3.154264013342736650e+00
1.166166166166166107e+01 3.156460151858011987e+00
1.167167167167167108e+01 3.158650935684194305e+00
1.168168168168168108e+01 3.160836360135132583e+00
1.169169169169169109e+01 3.163016420524678907e+00
1.170170170170170110e+01 3.165191112166682696e+00
1.171171171171171110e+01 3.167360430374996039e+00
1.172172172172172111e+01 3.169524370463468355e+00
1.173173173173173112e+01 3.171682927745950842e+00
1.174174174174174112e+01 3.173836097536294254e+00
1.175175175175175113e+01 3.175983875148348901e+00
1.176176176176176114e+01 3.178126255895965535e+00
1.177177177177177114e+01 3.180263235092996688e+00
1.178178178178178115e+01 3.182394808053290447e+00
1.179179179179179116e+01 3.184520970090698899e+00
1.180180180180180116e+01 3.186641716519071021e+00
1.181181181181181117e+01 3.188757042652260232e+00
1.182182182182182117e+01 3.190866943804115063e+00
1.183183183183183118e+01 3.192971415288487602e+00
1.184184184184184119e+01 3.195070452419227713e+00
1.185185185185185119e+01 3.197164050510185707e+00
1.186186186186186120e+01 3.199252204875212779e+00
1.187187187187187121e+01 3.201334910828160574e+00
1.188188188188188121e+01 3.203412163682878067e+00
1.189189189189189122e+01 3.205483958753217344e+00
1.190190190190190123e+01 3.207550291353028271e+00
1.191191191191191123e+01 3.209611156796161158e+00
1.192192192192192124e+01 3.211666550396468089e+00
1.193193193193193125e+01 3.213716467467798932e+00
1.194194194194194125e+01 3.215760903324003994e+00
1.195195195195195126e+01 3.217799853278934918e+00
1.196196196196196126e+01 3.219833312646441126e+00
1.197197197197197127e+01 3.221861276740374258e+00
1.198198198198198128e+01 3.223883740874585069e+00
1.199199199199199128e+01 3.225900700362923423e+00
1.200200200200200129e+01 3.227912150519240964e+00
1.201201201201201130e+01 3.229918086657387555e+00
1.202202202202202130e+01 3.231918504091215283e+00
1.203203203203203131e+01 3.233913398134572681e+00
1.204204204204204132e+01 3.235902764101311835e+00
1.205205205205205132e+01 3.237886597305283498e+00
1.206206206206206133e+01 3.239864893060337980e+00
1.207207207207207134e+01 3.241837646680325591e+00
1.208208208208208134e+01 3.243804853479097972e+00
1.209209209209209135e+01 3.245766508770505432e+00
1.210210210210210136e+01 3.247722607868398281e+00
1.211211211211211136e+01 3.249673146086627273e+00
1.212212212212212137e+01 3.251618118739043162e+00
1.213213213213213137e+01 3.253557521139497144e+00
1.214214214214214138e+01 3.255491348601839086e+00
1.215215215215215139e+01 3.257419596439920184e+00
1.216216216216216139e+01 3.259342259967590749e+00
1.217217217217217140e+01 3.261259334498702867e+00
1.218218218218218141e+01 3.263170815347105957e+00
1.219219219219219141e+01 3.265076697826649443e+00
1.220220220220220142e+01 3.266976977251186742e+00
1.221221221221221143e+01 3.268871648934567276e+00
1.222222222222222143e+01 3.270760708190640464e+00
1.223223223223223144e+01 3.272644150333259727e+00
1.224224224224224145e+01 3.274521970676272709e+00
1.225225225225225145e+01 3.276394164533532827e+00
1.226226226226226146e+01 3.278260727218889503e+00
1.227227227227227146e+01 3.280121654046192603e+00
1.228228228228228147e+01 3.281976940329294656e+00
1.229229229229229148e+01 3.283826581382044640e+00
1.230230230230230148e+01 3.285670572518295085e+00
1.231231231231231149e+01 3.287508909051894079e+00
1.232232232232232150e+01 3.289341586296695930e+00
1.233233233233233150e+01 3.291168599566547837e+00
1.234234234234234151e+01 3.292989944175300998e+00
1.235235235235235152e+01 3.294805615436809276e+00
1.236236236236236152e+01 3.296615608664919872e+00
1.237237237237237153e+01 3.298419919173484871e+00
1.238238238238238154e+01 3.300218542276353695e+00
1.239239239239239154e+01 3.302011473287379317e+00
1.240240240240240155e+01 3.303798707520411604e+00
1.241241241241241156e+01 3.305580240289299976e+00
1.242242242242242156e+01 3.307356066907895187e+00
1.243243243243243157e+01 3.309126182690049767e+00
1.244244244244244157e+01 3.310890582949613137e+00
1.245245245245245158e+01 3.312649263000436495e+00
1.246246246246246159e+01 3.314402218156369706e+00
1.247247247247247159e+01 3.316149443731264412e+00
1.248248248248248160e+01 3.317890935038971367e+00
1.249249249249249161e+01 3.319626687393340436e+00
1.250250250250250161e+01 3.321356696108222373e+00
1.251251251251251162e+01 3.323080956497467486e+00
1.252252252252252163e+01 3.324799463874928307e+00
1.253253253253253163e+01 3.326512213554453812e+00
1.254254254254254164e+01 3.328219200849895643e+00
1.255255255255255165e+01 3.329920421075103221e+00
1.256256256256256165e+01 3.331615869543928632e+00
1.257257257257257166e+01 3.333305541570221742e+00
1.258258258258258167e+01 3.334989432467833748e+00
1.259259259259259167e+01 3.336667537550614515e+00
1.260260260260260168e+01 3.338339852132416574e+00
1.261261261261261168e+01 3.340006371527088014e+00
1.262262262262262169e+01 3.341667091048480920e+00
1.263263263263263170e+01 3.343322006010446934e+00
1.264264264264264170e+01 3.344971111726835034e+00
1.265265265265265171e+01 3.346614403511496860e+00
1.266266266266266172e+01 3.348251876678282279e+00
1.267267267267267172e+01 3.349883526541043821e+00
1.268268268268268173e+01 3.351509348413629574e+00
1.269269269269269174e+01 3.353129337609892069e+00
1.270270270270270174e+01 3.354743489443681170e+00
1.271271271271271175e+01 3.356351799228848520e+00
1.272272272272272176e+01 3.357954262279243540e+00
1.273273273273273176e+01 3.359550873908717872e+00
1.274274274274274177e+01 3.361141629431121380e+00
1.275275275275275177e+01 3.362726524160305708e+00
1.276276276276276178e+01 3.364305553410120719e+00
1.277277277277277179e+01 3.365878712494418057e+00
1.278278278278278179e+01 3.367445996727047142e+00
1.279279279279279180e+01 3.369007401421859615e+00
1.280280280280280181e+01 3.370562921892704900e+00
1.281281281281281181e+01 3.372112553453435968e+00
1.282282282282282360e+01 3.373656291417902242e+00
1.283283283283283360e+01 3.375194131099953587e+00
1.284284284284284361e+01 3.376726067813441645e+00
1.285285285285285362e+01 3.378252096872217169e+00
1.286286286286286362e+01 3.379772213590130470e+00
1.287287287287287363e+01 3.381286413281031855e+00
1.288288288288288364e+01 3.382794691258773412e+00
1.289289289289289364e+01 3.384297042837204561e+00
1.290290290290290365e+01 3.385793463330176500e+00
1.291291291291291365e+01 3.387283948051539539e+00
1.292292292292292366e+01 3.388768492315143988e+00
1.293293293293293367e+01 3.390247091434842375e+00
1.294294294294294367e+01 3.391719740724483678e+00
1.295295295295295368e+01 3.393186435497919096e+00
1.296296296296296369e+01 3.394647171068998937e+00
1.297297297297297369e+01 3.396101942751573954e+00
1.298298298298298370e+01 3.397550745859496235e+00
1.299299299299299371e+01 3.398993575706615200e+00
1.300300300300300371e+01 3.400430427738026395e+00
1.301301301301301372e+01 3.401861307553291081e+00
1.302302302302302373e+01 3.403286237964497918e+00
1.303303303303303373e+01 3.404705243451029428e+00
1.304304304304304374e+01 3.406118348492269021e+00
1.305305305305305374e+01 3.407525577567600106e+00
1.306306306306306375e+01 3.408926955156404759e+00
1.307307307307307376e+01 3.410322505738068166e+00
1.308308308308308376e+01 3.411712253791972849e+00
1.309309309309309377e+01 3.413096223797502660e+00
1.310310310310310378e+01 3.414474440234039232e+00
1.311311311311311378e+01 3.415846927580967751e+00
1.312312312312312379e+01 3.417213710317671183e+00
1.313313313313313380e+01 3.418574812923532491e+00
1.314314314314314380e+01 3.419930259877935086e+00
1.315315315315315381e+01 3.421280075660262376e+00
1.316316316316316382e+01 3.422624284749897772e+00
1.317317317317317382e+01 3.423962911626223349e+00
1.318318318318318383e+01 3.425295980768624293e+00
1.319319319319319384e+01 3.426623516656484014e+00
1.320320320320320384e+01 3.427945543769184145e+00
1.321321321321321385e+01 3.429262086586108982e+00
1.322322322322322385e+01 3.430573169586641491e+00
1.323323323323323386e+01 3.431878817250165525e+00
1.324324324324324387e+01 3.433179054056063606e+00
1.325325325325325387e+01 3.434473904483720919e+00
1.326326326326326388e+01 3.435763393012518208e+00
1.327327327327327389e+01 3.437047544121840659e+00
1.328328328328328389e+01 3.438326382291070793e+00
1.329329329329329390e+01 3.439599931999592464e+00
1.330330330330330391e+01 3.440868217726788636e+00
1.331331331331331391e+01 3.442131263952042719e+00
1.332332332332332392e+01 3.443389095154737234e+00
1.333333333333333393e+01 3.444641735814256922e+00
1.334334334334334393e+01 3.445889210409983860e+00
1.335335335335335394e+01 3.447131543421303235e+00
1.336336336336336394e+01 3.448368759327596678e+00
1.337337337337337395e+01 3.449600882608247598e+00
1.338338338338338396e+01 3.450827937742640295e+00
1.339339339339339396e+01 3.452049949210156843e+00
1.340340340340340397e+01 3.453266941490181985e+00
1.341341341341341398e+01 3.454478939062097798e+00
1.342342342342342398e+01 3.455685966405288134e+00
1.343343343343343399e+01 3.456888047999136404e+00
1.344344344344344400e+01 3.458085208323026460e+00
1.345345345345345400e+01 3.459277471856339492e+00
1.346346346346346401e+01 3.460464863078462017e+00
1.347347347347347402e+01 3.461647406468774779e+00
1.348348348348348402e+01 3.462825126506661633e+00
1.349349349349349403e+01 3.463998047671507319e+00
1.350350350350350404e+01 3.465166194442693470e+00
1.351351351351351404e+01 3.466329591299604385e+00
1.352352352352352405e+01 3.467488262721623471e+00
1.353353353353353405e+01 3.468642233188133250e+00
1.354354354354354406e+01 3.469791527178517132e+00
1.355355355355355407e+01 3.470936169172159413e+00
1.356356356356356407e+01 3.472076183648442615e+00
1.357357357357357408e+01 3.473211595086750147e+00
1.358358358358358409e+01 3.474342427966465863e+00
1.359359359359359409e+01 3.475468706766972282e+00
1.360360360360360410e+01 3.476590455967652815e+00
1.361361361361361411e+01 3.477707700047892203e+00
1.362362362362362411e+01 3.478820463487071635e+00
1.363363363363363412e+01 3.479928770764576296e+00
1.364364364364364413e+01 3.481032646359788263e+00
1.365365365365365413e+01 3.482132114752090946e+00
1.366366366366366414e+01 3.483227200420868641e+00
1.367367367367367414e+01 3.484317927845504315e+00
1.368368368368368415e+01 3.485404321505380487e+00
1.369369369369369416e+01 3.486486405879881900e+00
1.370370370370370416e+01 3.487564205448389298e+00
1.371371371371371417e+01 3.488637744690289644e+00
1.372372372372372418e+01 3.489707048084963237e+00
1.373373373373373418e+01 3.490772140111794819e+00
1.374374374374374419e+01 3.491833045250167356e+00
1.375375375375375420e+01 3.492889787979464700e+00
1.376376376376376420e+01 3.493942392779069817e+00
1.377377377377377421e+01 3.494990884128364783e+00
1.378378378378378422e+01 3.496035286506735673e+00
1.379379379379379422e+01 3.497075624393563675e+00
1.380380380380380423e+01 3.498111922268231755e+00
1.381381381381381424e+01 3.499144204610126430e+00
1.382382382382382424e+01 3.500172495898627112e+00
1.383383383383383425e+01 3.501196820613118543e+00
1.384384384384384425e+01 3.502217203232985021e+00
1.385385385385385426e+01 3.503233668237609510e+00
1.386386386386386427e+01 3.504246240106373644e+00
1.387387387387387427e+01 3.505254943318663496e+00
1.388388388388388428e+01 3.506259802353860699e+00
1.389389389389389429e+01 3.507260841691348663e+00
1.390390390390390429e+01 3.508258085810510796e+00
1.391391391391391430e+01 3.509251559190730951e+00
1.392392392392392431e+01 3.510241286311391651e+00
1.393393393393393431e+01 3.511227291651876747e+00
1.394394394394394432e+01 3.512209599691569206e+00
1.395395395395395433e+01 3.513188234909852881e+00
1.396396396396396433e+01 3.514163221786111180e+00
1.397397397397397434e+01 3.515134584799727069e+00
1.398398398398398434e+01 3.516102348430083513e+00
1.399399399399399435e+01 3.517066537156564365e+00
1.400400400400400436e+01 3.518027175458553479e+00
1.401401401401401436e+01 3.518984287815432488e+00
1.402402402402402437e+01 3.519937898706587021e+00
1.403403403403403438e+01 3.520888032611398266e+00
1.404404404404404438e+01 3.521834714009250078e+00
1.405405405405405439e+01 3.522777967379526753e+00
1.406406406406406440e+01 3.523717817201610814e+00
1.407407407407407440e+01 3.524654287954885667e+00
1.408408408408408441e+01 3.525587404118735613e+00
1.409409409409409442e+01 3.526517190172542282e+00
1.410410410410410442e+01 3.527443670595689973e+00
1.411411411411411443e+01 3.528366869867562094e+00
1.412412412412412444e+01 3.529286812467541168e+00
1.413413413413413444e+01 3.530203522875011046e+00
1.414414414414414445e+01 3.531117025569356027e+00
1.415415415415415445e+01 3.532027345029959076e+00
1.416416416416416446e+01 3.532934505736201380e+00
1.417417417417417447e+01 3.533838532167469015e+00
1.418418418418418447e+01 3.534739448803144057e+00
1.419419419419419448e+01 3.535637280122609472e+00
1.420420420420420449e+01 3.536532050605249555e+00
1.421421421421421449e+01 3.537423784730446830e+00
1.422422422422422450e+01 3.538312506977585592e+00
1.423423423423423451e+01 3.539198241826047475e+00
1.424424424424424451e+01 3.540081013755217665e+00
1.425425425425425452e+01 3.540960847244478238e+00
1.426426426426426453e+01 3.541837766773213492e+00
1.427427427427427453e+01 3.542711796820805503e+00
1.428428428428428454e+01 3.543582961866638570e+00
1.429429429429429455e+01 3.544451286390096989e+00
1.430430430430430455e+01 3.545316794870561505e+00
1.431431431431431456e+01 3.546179511787417749e+00
1.432432432432432456e+01 3.547039461620046907e+00
1.433433433433433457e+01 3.547896668847833723e+00
1.434434434434434458e+01 3.548751157950162938e+00
1.435435435435435458e+01 3.549602953406415295e+00
1.436436436436436459e+01 3.550452079695974650e+00
1.437437437437437460e+01 3.551298561298224854e+00
1.438438438438438460e+01 3.552142422692550205e+00
1.439439439439439461e+01 3.552983688358332781e+00
1.440440440440440462e+01 3.553822382774955102e+00
1.441441441441441462e+01 3.554658530421802354e+00
1.442442442442442463e+01 3.555492155778256169e+00
1.443443443443443464e+01 3.556323283323701290e+00
1.444444444444444464e+01 3.557151937537521125e+00
1.445445445445445465e+01 3.557978142899098195e+00
1.446446446446446465e+01 3.558801923887814578e+00
1.447447447447447466e+01 3.559623304983056347e+00
1.448448448448448467e+01 3.560442310664206023e+00
1.449449449449449467e+01 3.561258965410645239e+00
1.450450450450450468e+01 3.562073293701758736e+00
1.451451451451451469e+01 3.562885320016930812e+00
1.452452452452452469e+01 3.563695068835542656e+00
1.453453453453453470e+01 3.564502564636978565e+00
1.454454454454454471e+01 3.565307831900621949e+00
1.455455455455455471e+01 3.566110895105855771e+00
1.456456456456456472e+01 3.566911778732063443e+00
1.457457457457457473e+01 3.567710507258629704e+00
1.458458458458458473e+01 3.568507105164936188e+00
1.459459459459459474e+01 3.569301596930365861e+00
1.460460460460460475e+01 3.570094007034303463e+00
1.461461461461461475e+01 3.570884359956131959e+00
1.462462462462462476e+01 3.571672680175233427e+00
1.463463463463463476e+01 3.572458992170993941e+00
1.464464464464464477e+01 3.573243320422794689e+00
1.465465465465465478e+01 3.574025689410018192e+00
1.466466466466466478e+01 3.574806123612050524e+00
1.467467467467467479e+01 3.575584647508273317e+00
1.468468468468468480e+01 3.576361285578069538e+00
1.469469469469469480e+01 3.577136062300823038e+00
1.470470470470470481e+01 3.577909002155917673e+00
1.471471471471471482e+01 3.578680129622735517e+00
1.472472472472472482e+01 3.579449469180660870e+00
1.473473473473473483e+01 3.580217045309078472e+00
1.474474474474474484e+01 3.580982882487367291e+00
1.475475475475475484e+01 3.581747005194914735e+00
1.476476476476476485e+01 3.582509437911103767e+00
1.477477477477477485e+01 3.583270205115316021e+00
1.478478478478478486e+01 3.584029331286934905e+00
1.479479479479479487e+01 3.584786840905345606e+00
1.480480480480480487e+01 3.585542758449928868e+00
1.481481481481481488e+01 3.586297108400070321e+00
1.482482482482482489e+01 3.587049915235152930e+00
1.483483483483483489e+01 3.587801203434557440e+00
1.484484484484484490e+01 3.588550997477671256e+00
1.485485485485485491e+01 3.589299321843875568e+00
1.486486486486486491e+01 3.590046201012552896e+00
1.487487487487487492e+01 3.590791659463086649e+00
1.488488488488488493e+01 3.591535721674863346e+00
1.489489489489489493e+01 3.592278412127261511e+00
1.490490490490490494e+01 3.593019755299669438e+00
1.491491491491491495e+01 3.593759775671466095e+00
1.492492492492492495e+01 3.594498497722037111e+00
1.493493493493493496e+01 3.595235945930765897e+00
1.494494494494494496e+01 3.595972144777034973e+00
1.495495495495495497e+01 3.596707118740227305e+00
1.496496496496496498e+01 3.597440892299727633e+00
1.497497497497497498e+01 3.598173489934918035e+00
1.498498498498498499e+01 3.598904936125181475e+00
1.499499499499499500e+01 3.599635255349903584e+00
1.500500500500500500e+01 3.600364471550368872e+00
1.501501501501501501e+01 3.601092596291626258e+00
1.502502502502502502e+01 3.601819628762488623e+00
1.503503503503503502e+01 3.602545567613671729e+00
1.504504504504504503e+01 3.603270411495890890e+00
1.505505505505505504e+01 3.603994159059861424e+00
1.506506506506506504e+01 3.604716808956297758e+00
1.507507507507507505e+01 3.605438359835915652e+00
1.508508508508508505e+01 3.606158810349432198e+00
1.509509509509509506e+01 3.606878159147559604e+00
1.510510510510510507e+01 3.607596404881014962e+00
1.511511511511511507e+01 3.608313546200514477e+00
1.512512512512512508e+01 3.609029581756771687e+00
1.513513513513513509e+01 3.609744510200501466e+00
1.514514514514514509e+01 3.610458330182422237e+00
1.515515515515515510e+01 3.611171040353247541e+00
1.516516516516516511e+01 3.611882639363691361e+00
1.517517517517517511e+01 3.612593125864470345e+00
1.518518518518518512e+01 3.613302498506299809e+00
1.519519519519519513e+01 3.614010755939894626e+00
1.520520520520520513e+01 3.614717896815970999e+00
1.521521521521521514e+01 3.615423919785244244e+00
1.522522522522522515e+01 3.616128823498428346e+00
1.523523523523523515e+01 3.616832606606238620e+00
1.524524524524524516e+01 3.617535267759393047e+00
1.525525525525525516e+01 3.618236805608604278e+00
1.526526526526526517e+01 3.618937218804587630e+00
1.527527527527527518e+01 3.619636505998060194e+00
1.528528528528528518e+01 3.620334665839735511e+00
1.529529529529529519e+01 3.621031696980330672e+00
1.530530530530530520e+01 3.621727598070560106e+00
1.531531531531531520e+01 3.622422367761138240e+00
1.532532532532532521e+01 3.623116004702781279e+00
1.533533533533533522e+01 3.623808507546205426e+00
1.534534534534534522e+01 3.624499874942123778e+00
1.535535535535535523e+01 3.625190105541254315e+00
1.536536536536536524e+01 3.625879197994310132e+00
1.537537537537537524e+01 3.626567150952007879e+00
1.538538538538538525e+01 3.627253963065062869e+00
1.539539539539539525e+01 3.627939632984189533e+00
1.540540540540540526e+01 3.628624159360102297e+00
1.541541541541541527e+01 3.629307540843520474e+00
1.542542542542542527e+01 3.629989776085155384e+00
1.543543543543543528e+01 3.630670863735723231e+00
1.544544544544544529e+01 3.631350802445941106e+00
1.545545545545545529e+01 3.632029590866521662e+00
1.546546546546546530e+01 3.632707227648182435e+00
1.547547547547547531e+01 3.633383711441638297e+00
1.548548548548548531e+01 3.634059040897603676e+00
1.549549549549549532e+01 3.634733214666794776e+00
1.550550550550550533e+01 3.635406231399925581e+00
1.551551551551551533e+01 3.636078089747713182e+00
1.552552552552552534e+01 3.636748788360871565e+00
1.553553553553553535e+01 3.637418325890118265e+00
1.554554554554554535e+01 3.638086700986165933e+00
1.555555555555555536e+01 3.638753912299729443e+00
1.556556556556556536e+01 3.639419958481528106e+00
1.557557557557557537e+01 3.640084838182273241e+00
1.558558558558558538e+01 3.640748550052681054e+00
1.559559559559559538e+01 3.641411092743469524e+00
1.560560560560560539e+01 3.642072464905350415e+00
1.561561561561561540e+01 3.642732665189040819e+00
1.562562562562562540e+01 3.643391692245256497e+00
1.563563563563563541e+01 3.644049544724711431e+00
1.564564564564564542e+01 3.644706221278121383e+00
1.565565565565565542e+01 3.645361720556202556e+00
1.566566566566566543e+01 3.646016041209668934e+00
1.567567567567567544e+01 3.646669181889236278e+00
1.568568568568568544e+01 3.647321141245620790e+00
1.569569569569569545e+01 3.647971917929537788e+00
1.570570570570570545e+01 3.648621510591699924e+00
1.571571571571571546e+01 3.649269917882826952e+00
1.572572572572572547e+01 3.649917138453630194e+00
1.573573573573573547e+01 3.650563170954826742e+00
1.574574574574574548e+01 3.651208014037131910e+00
1.575575575575575549e+01 3.651851666351261017e+00
1.576576576576576549e+01 3.652494126547928932e+00
1.577577577577577550e+01 3.653135393277851417e+00
1.578578578578578551e+01 3.653775465191744232e+00
1.579579579579579551e+01 3.654414340940320916e+00
1.580580580580580552e+01 3.655052019174299005e+00
1.581581581581581553e+01 3.655688498544392484e+00
1.582582582582582553e+01 3.656323777701316668e+00
1.583583583583583554e+01 3.656957855295788207e+00
1.584584584584584555e+01 3.657590729978520194e+00
1.585585585585585555e+01 3.658222400400229724e+00
1.586586586586586556e+01 3.658852865211632110e+00
1.587587587587587556e+01 3.659482123063440895e+00
1.588588588588588557e+01 3.660110172606373613e+00
1.589589589589589558e+01 3.660737012491144249e+00
1.590590590590590558e+01 3.661362641368469450e+00
1.591591591591591559e+01 3.661987057889062314e+00
1.592592592592592560e+01 3.662610260703640819e+00
1.593593593593593560e+01 3.663232248462918506e+00
1.594594594594594561e+01 3.663853019817609358e+00
1.595595595595595562e+01 3.664472573418432688e+00
1.596596596596596562e+01 3.665090907916099816e+00
1.597597597597597563e+01 3.665708021961328722e+00
1.598598598598598564e+01 3.666323914204834278e+00
1.599599599599599564e+01 3.666938583297331355e+00
1.600600600600600742e+01 3.667552027889534383e+00
1.601601601601601743e+01 3.668164246632160452e+00
1.602602602602602744e+01 3.668775238175923548e+00
1.603603603603603744e+01 3.669385001171539429e+00
1.604604604604604745e+01 3.669993534269723856e+00
1.605605605605605746e+01 3.670600836121191257e+00
1.606606606606606746e+01 3.671206905376657836e+00
1.607607607607607747e+01 3.671811740686838021e+00
1.608608608608608748e+01 3.672415340702448461e+00
1.609609609609609748e+01 3.673017704074202694e+00
1.610610610610610749e+01 3.673618829452818701e+00
1.611611611611611750e+01 3.674218715489008247e+00
1.612612612612612750e+01 3.674817360833488866e+00
1.613613613613613751e+01 3.675414764136975876e+00
1.614614614614614752e+01 3.676010924050184592e+00
1.615615615615615752e+01 3.676605839223829886e+00
1.616616616616616753e+01 3.677199508308626630e+00
1.617617617617617753e+01 3.677791929955291916e+00
1.618618618618618754e+01 3.678383102814538397e+00
1.619619619619619755e+01 3.678973025537084496e+00
1.620620620620620755e+01 3.679561696773642421e+00
1.621621621621621756e+01 3.680149115174929708e+00
1.622622622622622757e+01 3.680735279391661674e+00
1.623623623623623757e+01 3.681320188074551414e+00
1.624624624624624758e+01 3.681903839874316908e+00
1.625625625625625759e+01 3.682486233441671697e+00
1.626626626626626759e+01 3.683067367427331984e+00
1.627627627627627760e+01 3.683647240482012641e+00
1.628628628628628761e+01 3.684225851256429429e+00
1.629629629629629761e+01 3.684803198401297664e+00
1.630630630630630762e+01 3.685379280567332216e+00
1.631631631631631763e+01 3.685954096405248404e+00
1.632632632632632763e+01 3.686527644565761985e+00
1.633633633633633764e+01 3.687099923699588278e+00
1.634634634634634764e+01 3.687670932457442152e+00
1.635635635635635765e+01 3.688240669490039814e+00
1.636636636636636766e+01 3.688809133448095245e+00
1.637637637637637766e+01 3.689376322982325096e+00
1.638638638638638767e+01 3.689942236743443349e+00
1.639639639639639768e+01 3.690506873382166653e+00
1.640640640640640768e+01 3.691070231549209435e+00
1.641641641641641769e+01 3.691632309895287900e+00
1.642642642642642770e+01 3.692193107071115588e+00
1.643643643643643770e+01 3.692752621727410034e+00
1.644644644644644771e+01 3.693310852514885667e+00
1.645645645645645772e+01 3.693867798084256915e+00
1.646646646646646772e+01 3.694423457086240870e+00
1.647647647647647773e+01 3.694977828171550627e+00
1.648648648648648773e+01 3.695530909990904167e+00
1.649649649649649774e+01 3.696082701195015030e+00
1.650650650650650775e+01 3.696633200434598088e+00
1.651651651651651775e+01 3.697182406360369544e+00
1.652652652652652776e+01 3.697730317623045160e+00
1.653653653653653777e+01 3.698276932873340250e+00
1.654654654654654777e+01 3.698822250761968800e+00
1.655655655655655778e+01 3.699366269939647900e+00
1.656656656656656779e+01 3.699908989057090647e+00
1.657657657657657779e+01 3.700450406765014133e+00
1.658658658658658780e+01 3.700990521714134118e+00
1.659659659659659781e+01 3.701529332555164142e+00
1.660660660660660781e+01 3.702066837938820409e+00
1.661661661661661782e+01 3.702603036515819568e+00
1.662662662662662783e+01 3.703137926936873825e+00
1.663663663663663783e+01 3.703671507852701161e+00
1.664664664664664784e+01 3.704203777914016449e+00
1.665665665665665784e+01 3.704734735771534115e+00
1.666666666666666785e+01 3.705264380075969921e+00
1.667667667667667786e+01 3.705792709478039182e+00
1.668668668668668786e+01 3.706319722628457214e+00
1.669669669669669787e+01 3.706845418177939777e+00
1.670670670670670788e+01 3.707369794777200855e+00
1.671671671671671788e+01 3.707892851076957985e+00
1.672672672672672789e+01 3.708414585727924706e+00
1.673673673673673790e+01 3.708934997380817222e+00
1.674674674674674790e+01 3.709454084686349962e+00
1.675675675675675791e+01 3.709971846295239128e+00
1.676676676676676792e+01 3.710488280858200039e+00
1.677677677677677792e+01 3.711003387025946676e+00
1.678678678678678793e+01 3.711517163449196577e+00
1.679679679679679793e+01 3.712029608778663725e+00
1.680680680680680794e+01 3.712540721665062993e+00
1.681681681681681795e+01 3.713050500759109696e+00
1.682682682682682795e+01 3.713558944711520926e+00
1.683683683683683796e+01 3.714066052173010224e+00
1.684684684684684797e+01 3.714571821794294681e+00
1.685685685685685797e+01 3.715076252226087394e+00
1.686686686686686798e+01 3.715579342119104123e+00
1.687687687687687799e+01 3.716081090124061515e+00
1.688688688688688799e+01 3.716581494891675330e+00
1.689689689689689800e+01 3.717080555072659109e+00
1.690690690690690801e+01 3.717578269317727724e+00
1.691691691691691801e+01 3.718074636277599154e+00
1.692692692692692802e+01 3.718569654602985608e+00
1.693693693693693803e+01 3.719063322944605066e+00
1.694694694694694803e+01 3.719555639953171955e+00
1.695695695695695804e+01 3.720046604279401148e+00
1.696696696696696804e+01 3.720536214574006628e+00
1.697697697697697805e+01 3.721024469487707265e+00
1.698698698698698806e+01 3.721511367671216153e+00
1.699699699699699806e+01 3.721996907775248609e+00
1.700700700700700807e+01 3.722481088450520836e+00
1.701701701701701808e+01 3.722963908347746376e+00
1.702702702702702808e+01 3.723445366117642319e+00
1.703703703703703809e+01 3.723925460410923982e+00
1.704704704704704810e+01 3.724404189878305349e+00
1.705705705705705810e+01 3.724881553170503512e+00
1.706706706706706811e+01 3.725357548938231567e+00
1.707707707707707812e+01 3.725832175832205717e+00
1.708708708708708812e+01 3.726305432503143500e+00
1.709709709709709813e+01 3.726777317601758455e+00
1.710710710710710813e+01 3.727247829778763677e+00
1.711711711711711814e+01 3.727716967684877591e+00
1.712712712712712815e+01 3.728184729970814626e+00
1.713713713713713815e+01 3.728651115287290541e+00
1.714714714714714816e+01 3.729116122285019319e+00
1.715715715715715817e+01 3.729579749614718054e+00
1.716716716716716817e+01 3.730041995927100729e+00
1.717717717717717818e+01 3.730502859872882215e+00
1.718718718718718819e+01 3.730962340102780495e+00
1.719719719719719819e+01 3.731420435267508662e+00
1.720720720720720820e+01 3.731877144017780701e+00
1.721721721721721821e+01 3.732332465004315036e+00
1.722722722722722821e+01 3.732786396877824764e+00
1.723723723723723822e+01 3.733238938289027864e+00
1.724724724724724823e+01 3.733690087888636988e+00
1.725725725725725823e+01 3.734139844327367896e+00
1.726726726726726824e+01 3.734588206255936349e+00
1.727727727727727824e+01 3.735035172325058106e+00
1.728728728728728825e+01 3.735480741185448039e+00
1.729729729729729826e+01 3.735924911487822353e+00
1.730730730730730826e+01 3.736367681882895031e+00
1.731731731731731827e+01 3.736809051021381389e+00
1.732732732732732828e+01 3.737249017553996744e+00
1.733733733733733828e+01 3.737687580131458187e+00
1.734734734734734829e+01 3.738124737404480147e+00
1.735735735735735830e+01 3.738560488023776163e+00
1.736736736736736830e+01 3.738994830640064215e+00
1.737737737737737831e+01 3.739427763904056956e+00
1.738738738738738832e+01 3.739859286466472366e+00
1.739739739739739832e+01 3.740289396978024428e+00
1.740740740740740833e+01 3.740718094089428902e+00
1.741741741741741833e+01 3.741145376451400217e+00
1.742742742742742834e+01 3.741571242714655021e+00
1.743743743743743835e+01 3.741995691529906853e+00
1.744744744744744835e+01 3.742418721547872806e+00
1.745745745745745836e+01 3.742840331419266864e+00
1.746746746746746837e+01 3.743260519794804786e+00
1.747747747747747837e+01 3.743679285325202777e+00
1.748748748748748838e+01 3.744096626661175709e+00
1.749749749749749839e+01 3.744512542453438453e+00
1.750750750750750839e+01 3.744927031352705438e+00
1.751751751751751840e+01 3.745340092009695088e+00
1.752752752752752841e+01 3.745751723075119166e+00
1.753753753753753841e+01 3.746161923199695654e+00
1.754754754754754842e+01 3.746570691034137646e+00
1.755755755755755843e+01 3.746978025229161791e+00
1.756756756756756843e+01 3.747383924435483848e+00
1.757757757757757844e+01 3.747788387303817359e+00
1.758758758758758844e+01 3.748191412484880303e+00
1.759759759759759845e+01 3.748592998629386663e+00
1.760760760760760846e+01 3.748993144388050425e+00
1.761761761761761846e+01 3.749391848411588679e+00
1.762762762762762847e+01 3.749789109350715410e+00
1.763763763763763848e+01 3.750184925856147711e+00
1.764764764764764848e+01 3.750579296578599120e+00
1.765765765765765849e+01 3.750972220168786286e+00
1.766766766766766850e+01 3.751363695277423638e+00
1.767767767767767850e+01 3.751753720555226490e+00
1.768768768768768851e+01 3.752142294652911048e+00
1.769769769769769852e+01 3.752529416221191738e+00
1.770770770770770852e+01 3.752915083910784766e+00
1.771771771771771853e+01 3.753299296372404115e+00
1.772772772772772854e+01 3.753682052256765989e+00
1.773773773773773854e+01 3.754063350214586148e+00
1.774774774774774855e+01 3.754443188896579908e+00
1.775775775775775855e+01 3.754821566953460810e+00
1.776776776776776856e+01 3.755198483035947277e+00
1.777777777777777857e+01 3.755573935794751517e+00
1.778778778778778857e+01 3.755947923880589734e+00
1.779779779779779858e+01 3.756320445944178132e+00
1.780780780780780859e+01 3.756691500636231584e+00
1.781781781781781859e+01 3.757061086607465406e+00
1.782782782782782860e+01 3.757429202508594468e+00
1.783783783783783861e+01 3.757795846990335864e+00
1.784784784784784861e+01 3.758161018703402689e+00
1.785785785785785862e+01 3.758524716298511148e+00
1.786786786786786863e+01 3.758886938426377000e+00
1.787787787787787863e+01 3.759247683737715118e+00
1.788788788788788864e+01 3.759606950883240817e+00
1.789789789789789864e+01 3.759964738513668081e+00
1.790790790790790865e+01 3.760321045279714891e+00
1.791791791791791866e+01 3.760675869832096119e+00
1.792792792792792866e+01 3.761029210821524860e+00
1.793793793793793867e+01 3.761381066898718650e+00
1.794794794794794868e+01 3.761731436714391918e+00
1.795795795795795868e+01 3.762080318919258648e+00
1.796796796796796869e+01 3.762427712164037708e+00
1.797797797797797870e+01 3.762773615099441304e+00
1.798798798798798870e+01 3.763118026376185643e+00
1.799799799799799871e+01 3.763460944644986483e+00
1.800800800800800872e+01 3.763802368556558697e+00
1.801801801801801872e+01 3.764142296761618045e+00
1.802802802802802873e+01 3.764480727910878510e+00
1.803803803803803874e+01 3.764817660655057630e+00
1.804804804804804874e+01 3.765153093644868942e+00
1.805805805805805875e+01 3.765487025531028653e+00
1.806806806806806875e+01 3.765819454964252078e+00
1.807807807807807876e+01 3.766150380595252756e+00
1.808808808808808877e+01 3.766479801074749112e+00
1.809809809809809877e+01 3.766807715053454242e+00
1.810810810810810878e+01 3.767134121182084794e+00
1.811811811811811879e+01 3.767459018111354752e+00
1.812812812812812879e+01 3.767782404491980319e+00
1.813813813813813880e+01 3.768104278974676369e+00
1.814814814814814881e+01 3.768424640210159104e+00
1.815815815815815881e+01 3.768743486849142510e+00
1.816816816816816882e+01 3.769060817542343234e+00
1.817817817817817883e+01 3.769376630940474371e+00
1.818818818818818883e+01 3.769690925694254791e+00
1.819819819819819884e+01 3.770003700454396700e+00
1.820820820820820884e+01 3.770314953871616304e+00
1.821821821821821885e+01 3.770624684596630694e+00
1.822822822822822886e+01 3.770932891280151633e+00
1.823823823823823886e+01 3.771239572572897991e+00
1.824824824824824887e+01 3.771544727125583307e+00
1.825825825825825888e+01 3.771848353588923786e+00
1.826826826826826888e+01 3.772150450613633854e+00
1.827827827827827889e+01 3.772451016850428829e+00
1.828828828828828890e+01 3.772750050950024470e+00
1.829829829829829890e+01 3.773047551563135205e+00
1.830830830830830891e+01 3.773343517340477682e+00
1.831831831831831892e+01 3.773637946932767218e+00
1.832832832832832892e+01 3.773930838990718240e+00
1.833833833833833893e+01 3.774222192165046508e+00
1.834834834834834894e+01 3.774512005106467338e+00
1.835835835835835894e+01 3.774800276465695603e+00
1.836836836836836895e+01 3.775087004893447951e+00
1.837837837837837895e+01 3.775372189040437476e+00
1.838838838838838896e+01 3.775655827557383049e+00
1.839839839839839897e+01 3.775937919094995543e+00
1.840840840840840897e+01 3.776218462303992496e+00
1.841841841841841898e+01 3.776497455835089667e+00
1.842842842842842899e+01 3.776774898339001485e+00
1.843843843843843899e+01 3.777050788466445042e+00
1.844844844844844900e+01 3.777325124868133432e+00
1.845845845845845901e+01 3.777597906194782862e+00
1.846846846846846901e+01 3.777869131097108202e+00
1.847847847847847902e+01 3.778138798225825656e+00
1.848848848848848903e+01 3.778406906231650542e+00
1.849849849849849903e+01 3.778673453765297285e+00
1.850850850850850904e+01 3.778938439477481204e+00
1.851851851851851904e+01 3.779201862018920277e+00
1.852852852852852905e+01 3.779463720040325381e+00
1.853853853853853906e+01 3.779724012192414939e+00
1.854854854854854906e+01 3.779982737125902936e+00
1.855855855855855907e+01 3.780239893491506908e+00
1.856856856856856908e+01 3.780495479939938619e+00
1.857857857857857908e+01 3.780749495121915604e+00
1.858858858858858909e+01 3.781001937688154069e+00
1.859859859859859910e+01 3.781252806289366664e+00
1.860860860860860910e+01 3.781502099576270037e+00
1.861861861861861911e+01 3.781749816199581282e+00
1.862862862862862912e+01 3.781995954810012606e+00
1.863863863863863912e+01 3.782240514058281988e+00
1.864864864864864913e+01 3.782483492595102081e+00
1.865865865865865914e+01 3.782724889071190422e+00
1.866866866866866914e+01 3.782964702137262325e+00
1.867867867867867915e+01 3.783202930444031331e+00
1.868868868868868915e+01 3.783439572642214532e+00
1.869869869869869916e+01 3.783674627382526356e+00
1.870870870870870917e+01 3.783908093315681676e+00
1.871871871871871917e+01 3.784139969092397582e+00
1.872872872872872918e+01 3.784370253363387171e+00
1.873873873873873919e+01 3.784598944779367091e+00
1.874874874874874919e+01 3.784826041991053103e+00
1.875875875875875920e+01 3.785051543649159189e+00
1.876876876876876921e+01 3.785275448404401999e+00
1.877877877877877921e+01 3.785497754907495072e+00
1.878878878878878922e+01 3.785718461809155944e+00
1.879879879879879923e+01 3.785937567760098599e+00
1.880880880880880923e+01 3.786155071411037909e+00
1.881881881881881924e+01 3.786370971412691411e+00
1.882882882882882924e+01 3.786585266415771756e+00
1.883883883883883925e+01 3.786797955070996036e+00
1.884884884884884926e+01 3.787009036029078235e+00
1.885885885885885926e+01 3.787218507940734558e+00
1.886886886886886927e+01 3.787426369456679875e+00
1.887887887887887928e+01 3.787632619227630837e+00
1.888888888888888928e+01 3.787837255904302314e+00
1.889889889889889929e+01 3.788040278137406958e+00
1.890890890890890930e+01 3.788241684577663637e+00
1.891891891891891930e+01 3.788441473875785892e+00
1.892892892892892931e+01 3.788639644682489482e+00
1.893893893893893932e+01 3.788836195648489724e+00
1.894894894894894932e+01 3.789031125424501045e+00
1.895895895895895933e+01 3.789224432661240094e+00
1.896896896896896934e+01 3.789416116009421298e+00
1.897897897897897934e+01 3.789606174119761306e+00
1.898898898898898935e+01 3.789794605642974989e+00
1.899899899899899935e+01 3.789981409229775000e+00
1.900900900900900936e+01 3.790166583378048681e+00
1.901901901901901937e+01 3.790350125759048616e+00
1.902902902902902937e+01 3.790532033765826814e+00
1.903903903903903938e+01 3.790712304791230558e+00
1.904904904904904939e+01 3.790890936228102692e+00
1.905905905905905939e+01 3.791067925469286504e+00
1.906906906906906940e+01 3.791243269907627944e+00
1.907907907907907941e+01 3.791416966935970745e+00
1.908908908908908941e+01 3.791589013947159525e+00
1.909909909909909942e+01 3.791759408334038461e+00
1.910910910910910943e+01 3.791928147489451284e+00
1.911911911911911943e+01 3.792095228806244389e+00
1.912912912912912944e+01 3.792260649677259732e+00
1.913913913913913944e+01 3.792424407495343264e+00
1.914914914914914945e+01 3.792586499653337828e+00
1.915915915915915946e+01 3.792746923544089821e+00
1.916916916916916946e+01 3.792905676560442529e+00
1.917917917917917947e+01 3.793062756095239685e+00
1.918918918918918948e+01 3.793218159541327683e+00
1.919919919919919948e+01 3.793371884291548479e+00
1.920920920920920949e+01 3.793523927738747581e+00
1.921921921921921950e+01 3.793674287275770496e+00
1.922922922922922950e+01 3.793822960295457847e+00
1.923923923923923951e+01 3.793969944190659138e+00
1.924924924924924952e+01 3.794115236354215881e+00
1.925925925925925952e+01 3.794258834178971362e+00
1.926926926926926953e+01 3.794400735057771534e+00
1.927927927927927954e+01 3.794540936383459684e+00
1.928928928928928954e+01 3.794679435548883539e+00
1.929929929929929955e+01 3.794816229946882835e+00
1.930930930930930955e+01 3.794951316970304411e+00
1.931931931931931956e+01 3.795084694011993776e+00
1.932932932932932957e+01 3.795216358464791995e+00
1.933933933933933957e+01 3.795346307721545909e+00
1.934934934934934958e+01 3.795474539175099249e+00
1.935935935935935959e+01 3.795601050218295303e+00
1.936936936936936959e+01 3.795725838243980910e+00
1.937937937937937960e+01 3.795848900644996693e+00
1.938938938938938961e+01 3.795970234814191713e+00
1.939939939939939961e+01 3.796089838144407036e+00
1.940940940940940962e+01 3.796207708028487726e+00
1.941941941941941963e+01 3.796323841859278847e+00
1.942942942942942963e+01 3.796438237029624574e+00
1.943943943943943964e+01 3.796550890932366862e+00
1.944944944944944965e+01 3.796661800960355215e+00
1.945945945945945965e+01 3.796770964506428481e+00
1.946946946946946966e+01 3.796878378963434386e+00
1.947947947947947966e+01 3.796984041724216219e+00
1.948948948948948967e+01 3.797087950181618599e+00
1.949949949949949968e+01 3.797190101728486145e+00
1.950950950950950968e+01 3.797290493757663032e+00
1.951951951951951969e+01 3.797389123661992993e+00
1.952952952952952970e+01 3.797485988834320203e+00
1.953953953953953970e+01 3.797581086667491057e+00
1.954954954954954971e+01 3.797674414554347955e+00
1.955955955955955972e+01 3.797765969887735960e+00
1.956956956956956972e+01 3.797855750060499247e+00
1.957957957957957973e+01 3.797943752465482437e+00
1.958958958958958974e+01 3.798029974495529704e+00
1.959959959959959974e+01 3.798114413543485224e+00
1.960960960960960975e+01 3.798197067002194505e+00
1.961961961961961975e+01 3.798277932264500389e+00
1.962962962962962976e+01 3.798357006723247942e+00
1.963963963963963977e+01 3.798434287771280893e+00
1.964964964964964977e+01 3.798509772801445195e+00
1.965965965965965978e+01 3.798583459206584134e+00
1.966966966966966979e+01 3.798655344379541443e+00
1.967967967967967979e+01 3.798725425713161297e+00
1.968968968968968980e+01 3.798793700600290091e+00
1.969969969969969981e+01 3.798860166433770669e+00
1.970970970970970981e+01 3.798924820606448982e+00
1.971971971971971982e+01 3.798987660511166986e+00
1.972972972972972983e+01 3.799048683540770188e+00
1.973973973973973983e+01 3.799107887088104096e+00
1.974974974974974984e+01 3.799165268546010665e+00
1.975975975975975985e+01 3.799220825307336291e+00
1.976976976976976985e+01 3.799274554764924705e+00
1.977977977977977986e+01 3.799326454311620083e+00
1.978978978978978986e+01 3.799376521340267043e+00
1.979979979979979987e+01 3.799424753243708874e+00
1.980980980980980988e+01 3.799471147414791528e+00
1.981981981981981988e+01 3.799515701246359178e+00
1.982982982982982989e+01 3.799558412131256002e+00
1.983983983983983990e+01 3.799599277462324842e+00
1.984984984984984990e+01 3.799638294632411650e+00
1.985985985985985991e+01 3.799675461034361046e+00
1.986986986986986992e+01 3.799710774061016316e+00
1.987987987987987992e+01 3.799744231105222969e+00
1.988988988988988993e+01 3.799775829559824292e+00
1.989989989989989994e+01 3.799805566817664015e+00
1.990990990990990994e+01 3.799833440271589424e+00
1.991991991991991995e+01 3.799859447314442473e+00
1.992992992992992995e+01 3.799883585339067338e+00
1.993993993993993996e+01 3.799905851738309526e+00
1.994994994994994997e+01 3.799926243905013656e+00
1.995995995995995997e+01 3.799944759232022129e+00
1.996996996996996998e+01 3.799961395112182228e+00
1.997997997997997999e+01 3.799976148938335463e+00
1.998998998998998999e+01 3.799989018103327787e+00
2.000000000000000000e+01 3.800000000000002931e+00
